Simulation Time,Population size,Population-0-4yrs,Population-5-12yrs,Population-13-17yrs,Population-18-29yrs,Population-30-49yrs,Population-50-64yrs,Population-65-74yrs,Population-75+yrs,Individuals susceptible,Cumulative incidence,Cumulative incidence-0-4yrs,Cumulative incidence-5-12yrs,Cumulative incidence-13-17yrs,Cumulative incidence-18-29yrs,Cumulative incidence-30-49yrs,Cumulative incidence-50-64yrs,Cumulative incidence-65-74yrs,Cumulative incidence-75+yrs,Cumulative hospitalizations,Cumulative hospitalizations-0-4yrs,Cumulative hospitalizations-5-12yrs,Cumulative hospitalizations-13-17yrs,Cumulative hospitalizations-18-29yrs,Cumulative hospitalizations-30-49yrs,Cumulative hospitalizations-50-64yrs,Cumulative hospitalizations-65-74yrs,Cumulative hospitalizations-75+yrs,Cumulative death,Cumulative death-0-4yrs,Cumulative death-5-12yrs,Cumulative death-13-17yrs,Cumulative death-18-29yrs,Cumulative death-30-49yrs,Cumulative death-50-64yrs,Cumulative death-65-74yrs,Cumulative death-75+yrs,Cumulative vaccination,Cumulative vaccination-0-4yrs,Cumulative vaccination-5-12yrs,Cumulative vaccination-13-17yrs,Cumulative vaccination-18-29yrs,Cumulative vaccination-30-49yrs,Cumulative vaccination-50-64yrs,Cumulative vaccination-65-74yrs,Cumulative vaccination-75+yrs,Prevalence susceptible,Cumulative hospitalization rate,Cumulative hospitalization rate-0-4yrs,Cumulative hospitalization rate-5-12yrs,Cumulative hospitalization rate-13-17yrs,Cumulative hospitalization rate-18-29yrs,Cumulative hospitalization rate-30-49yrs,Cumulative hospitalization rate-50-64yrs,Cumulative hospitalization rate-65-74yrs,Cumulative hospitalization rate-75+yrs,Cumulative death rate,Cumulative death rate-0-4yrs,Cumulative death rate-5-12yrs,Cumulative death rate-13-17yrs,Cumulative death rate-18-29yrs,Cumulative death rate-30-49yrs,Cumulative death rate-50-64yrs,Cumulative death rate-65-74yrs,Cumulative death rate-75+yrs,Cumulative vaccination rate,Cumulative vaccination rate-0-4yrs,Cumulative vaccination rate-5-12yrs,Cumulative vaccination rate-13-17yrs,Cumulative vaccination rate-18-29yrs,Cumulative vaccination rate-30-49yrs,Cumulative vaccination rate-50-64yrs,Cumulative vaccination rate-65-74yrs,Cumulative vaccination rate-75+yrs,Cumulative incidence-0-4yrs (%),Cumulative incidence-5-12yrs (%),Cumulative incidence-13-17yrs (%),Cumulative incidence-18-29yrs (%),Cumulative incidence-30-49yrs (%),Cumulative incidence-50-64yrs (%),Cumulative incidence-65-74yrs (%),Cumulative incidence-75+yrs (%),Cumulative hospitalizations-0-4yrs (%),Cumulative hospitalizations-5-12yrs (%),Cumulative hospitalizations-13-17yrs (%),Cumulative hospitalizations-18-29yrs (%),Cumulative hospitalizations-30-49yrs (%),Cumulative hospitalizations-50-64yrs (%),Cumulative hospitalizations-65-74yrs (%),Cumulative hospitalizations-75+yrs (%),Cumulative death-0-4yrs (%),Cumulative death-5-12yrs (%),Cumulative death-13-17yrs (%),Cumulative death-18-29yrs (%),Cumulative death-30-49yrs (%),Cumulative death-50-64yrs (%),Cumulative death-65-74yrs (%),Cumulative death-75+yrs (%),Simulation Period,Incidence,Incidence-0-4yrs,Incidence-5-12yrs,Incidence-13-17yrs,Incidence-18-29yrs,Incidence-30-49yrs,Incidence-50-64yrs,Incidence-65-74yrs,Incidence-75+yrs,New hospitalizations,New hospitalizations-0-4yrs,New hospitalizations-5-12yrs,New hospitalizations-13-17yrs,New hospitalizations-18-29yrs,New hospitalizations-30-49yrs,New hospitalizations-50-64yrs,New hospitalizations-65-74yrs,New hospitalizations-75+yrs,Incidence-Dominant,Incidence-Novel-Unvaccinated,Incidence-Novel-Vaccinated,New hosp-Dominant,New hosp-Novel-Unvaccinated,New hosp-Novel-Vaccinated,Incidence-novel and vaccinated,New hosp-novel and vaccinated,Incidence rate,Incidence rate-0-4yrs,Incidence rate-5-12yrs,Incidence rate-13-17yrs,Incidence rate-18-29yrs,Incidence rate-30-49yrs,Incidence rate-50-64yrs,Incidence rate-65-74yrs,Incidence rate-75+yrs,New hospitalization rate,Hospitalization rate-0-4yrs,Hospitalization rate-5-12yrs,Hospitalization rate-13-17yrs,Hospitalization rate-18-29yrs,Hospitalization rate-30-49yrs,Hospitalization rate-50-64yrs,Hospitalization rate-65-74yrs,Hospitalization rate-75+yrs,% of incidence due to Dominant,% of incidence due to Novel-Unvaccinated,% of incidence due to Novel-Vaccinated,% of new hospitalizations due to Dominant,% of new hospitalizations due to Novel-Unvaccinated,% of new hospitalizations due to Novel-Vaccinated,% of incidence with novel variant,% of new hospitalizations with novel variant,Interventions,Observation Time,Obs: Population size,Obs: Population-0-4yrs,Obs: Population-5-12yrs,Obs: Population-13-17yrs,Obs: Population-18-29yrs,Obs: Population-30-49yrs,Obs: Population-50-64yrs,Obs: Population-65-74yrs,Obs: Population-75+yrs,Obs: Individuals susceptible,Obs: Cumulative incidence,Obs: Cumulative incidence-0-4yrs,Obs: Cumulative incidence-5-12yrs,Obs: Cumulative incidence-13-17yrs,Obs: Cumulative incidence-18-29yrs,Obs: Cumulative incidence-30-49yrs,Obs: Cumulative incidence-50-64yrs,Obs: Cumulative incidence-65-74yrs,Obs: Cumulative incidence-75+yrs,Obs: Cumulative hospitalizations,Obs: Cumulative hospitalizations-0-4yrs,Obs: Cumulative hospitalizations-5-12yrs,Obs: Cumulative hospitalizations-13-17yrs,Obs: Cumulative hospitalizations-18-29yrs,Obs: Cumulative hospitalizations-30-49yrs,Obs: Cumulative hospitalizations-50-64yrs,Obs: Cumulative hospitalizations-65-74yrs,Obs: Cumulative hospitalizations-75+yrs,Obs: Cumulative death,Obs: Cumulative vaccination,Obs: Cumulative vaccination-0-4yrs,Obs: Cumulative vaccination-5-12yrs,Obs: Cumulative vaccination-13-17yrs,Obs: Cumulative vaccination-18-29yrs,Obs: Cumulative vaccination-30-49yrs,Obs: Cumulative vaccination-50-64yrs,Obs: Cumulative vaccination-65-74yrs,Obs: Cumulative vaccination-75+yrs,Obs: Prevalence susceptible,Obs: Cumulative hospitalization rate,Obs: Cumulative hospitalization rate-0-4yrs,Obs: Cumulative hospitalization rate-5-12yrs,Obs: Cumulative hospitalization rate-13-17yrs,Obs: Cumulative hospitalization rate-18-29yrs,Obs: Cumulative hospitalization rate-30-49yrs,Obs: Cumulative hospitalization rate-50-64yrs,Obs: Cumulative hospitalization rate-65-74yrs,Obs: Cumulative hospitalization rate-75+yrs,Obs: Cumulative death rate,Obs: Cumulative vaccination rate,Obs: Cumulative vaccination rate-0-4yrs,Obs: Cumulative vaccination rate-5-12yrs,Obs: Cumulative vaccination rate-13-17yrs,Obs: Cumulative vaccination rate-18-29yrs,Obs: Cumulative vaccination rate-30-49yrs,Obs: Cumulative vaccination rate-50-64yrs,Obs: Cumulative vaccination rate-65-74yrs,Obs: Cumulative vaccination rate-75+yrs,Obs: Cumulative incidence-0-4yrs (%),Obs: Cumulative incidence-5-12yrs (%),Obs: Cumulative incidence-13-17yrs (%),Obs: Cumulative incidence-18-29yrs (%),Obs: Cumulative incidence-30-49yrs (%),Obs: Cumulative incidence-50-64yrs (%),Obs: Cumulative incidence-65-74yrs (%),Obs: Cumulative incidence-75+yrs (%),Observation Period,Obs: Incidence,Obs: Incidence-0-4yrs,Obs: Incidence-5-12yrs,Obs: Incidence-13-17yrs,Obs: Incidence-18-29yrs,Obs: Incidence-30-49yrs,Obs: Incidence-50-64yrs,Obs: Incidence-65-74yrs,Obs: Incidence-75+yrs,Obs: New hospitalizations,Obs: New hospitalizations-0-4yrs,Obs: New hospitalizations-5-12yrs,Obs: New hospitalizations-13-17yrs,Obs: New hospitalizations-18-29yrs,Obs: New hospitalizations-30-49yrs,Obs: New hospitalizations-50-64yrs,Obs: New hospitalizations-65-74yrs,Obs: New hospitalizations-75+yrs,Obs: Incidence-Dominant,Obs: Incidence-Novel-Unvaccinated,Obs: Incidence-Novel-Vaccinated,Obs: New hosp-Dominant,Obs: New hosp-Novel-Unvaccinated,Obs: New hosp-Novel-Vaccinated,Obs: Incidence-novel and vaccinated,Obs: New hosp-novel and vaccinated,Obs: Incidence rate,Obs: Incidence rate-0-4yrs,Obs: Incidence rate-5-12yrs,Obs: Incidence rate-13-17yrs,Obs: Incidence rate-18-29yrs,Obs: Incidence rate-30-49yrs,Obs: Incidence rate-50-64yrs,Obs: Incidence rate-65-74yrs,Obs: Incidence rate-75+yrs,Obs: New hospitalization rate,Obs: Hospitalization rate-0-4yrs,Obs: Hospitalization rate-5-12yrs,Obs: Hospitalization rate-13-17yrs,Obs: Hospitalization rate-18-29yrs,Obs: Hospitalization rate-30-49yrs,Obs: Hospitalization rate-50-64yrs,Obs: Hospitalization rate-65-74yrs,Obs: Hospitalization rate-75+yrs,Obs: % of incidence due to Dominant,Obs: % of incidence due to Novel-Unvaccinated,Obs: % of incidence due to Novel-Vaccinated,Obs: % of new hospitalizations due to Dominant,Obs: % of new hospitalizations due to Novel-Unvaccinated,Obs: % of new hospitalizations due to Novel-Vaccinated,Obs: % of incidence with novel variant,Obs: % of new hospitalizations with novel variant,Obs: Interventions
0.0,500001,29926,49962,31755,81604,128504,95802,48067,34381,500000,0,0,0,0,0,0,0,0,0,0,0,0,0,0,0,0,0,0,0,0,0,0,0,0,0,0,0,0,0,0,0,0,0,0,0,0,0.999998000004,0.0,0.0,0.0,0.0,0.0,0.0,0.0,0.0,0.0,0.0,0.0,0.0,0.0,0.0,0.0,0.0,0.0,0.0,0.0,0.0,0.0,0.0,0.0,0.0,0.0,0.0,0.0,,,,,,,,,,,,,,,,,,,,,,,,,0,,,,,,,,,,,,,,,,,,,,,,,,,,,,,,,,,,,,,,,,,,,,,,,,,,,,,[0],,,,,,,,,,,,,,,,,,,,,,,,,,,,,,,,,,,,,,,,,,,,,,,,,,,,,,,,,,,,,,,,,,,,,,,,,,,,,,,,,,,,,,,,,,,,,,,,,,,,,,,,,,,,,,,,,,,,,,,,,[0]
0.019230769230769232,500010,29926,49964,31755,81606,128506,95804,48068,34381,499986,4,0,1,0,2,1,0,0,0,0,0,0,0,0,0,0,0,0,0,0,0,0,0,0,0,0,0,0,0,0,0,0,0,0,0,0,0.9999520009599808,0.0,0.0,0.0,0.0,0.0,0.0,0.0,0.0,0.0,0.0,0.0,0.0,0.0,0.0,0.0,0.0,0.0,0.0,0.0,0.0,0.0,0.0,0.0,0.0,0.0,0.0,0.0,0.0,0.25,0.0,0.5,0.25,0.0,0.0,0.0,,,,,,,,,,,,,,,,,1,4,0,1,0,2,1,0,0,0,0,0,0,0,0,0,0,0,0,4,0,0,0,0,0,0,0,7.999984000032e-06,0.0,2.0015211560786197e-05,0.0,2.4508602519484337e-05,7.78185893046131e-06,0.0,0.0,0.0,0.0,0.0,0.0,0.0,0.0,0.0,0.0,0.0,0.0,1.0,0.0,0.0,,,,0.0,,[0],0.0,500010,29926,49964,31755,81606,128506,95804,48068,34381,499986,4,0,1,0,2,1,0,0,0,0,0,0,0,0,0,0,0,0,0,0,0,0,0,0,0,0,0,0,,,,,,,,,,,,,,,,,,,,,,,,,,,,,1,4,0,1,0,2,1,0,0,0,0,0,0,0,0,0,0,0,0,4,0,0,0,0,0,0,0,,,,,,,,,,,,,,,,,,,,,,,,,,,[0]
0.038461538461538464,500018,29926,49965,31756,81607,128506,95806,48069,34383,499971,24,0,2,1,8,7,4,0,2,1,0,0,0,0,0,0,0,1,0,0,0,0,0,0,0,0,0,0,0,0,0,0,0,0,0,0,0.9999060033838781,1.999928002591907e-06,0.0,0.0,0.0,0.0,0.0,0.0,0.0,2.908414041822994e-05,0.0,0.0,0.0,0.0,0.0,0.0,0.0,0.0,0.0,0.0,0.0,0.0,0.0,0.0,0.0,0.0,0.0,0.0,0.0,0.08333333333333333,0.041666666666666664,0.3333333333333333,0.2916666666666667,0.16666666666666666,0.0,0.08333333333333333,0.0,0.0,0.0,0.0,0.0,0.0,0.0,1.0,,,,,,,,,2,20,0,1,1,6,6,4,0,2,1,0,0,0,0,0,0,0,1,20,0,0,1,0,0,0,0,3.999920001599968e-05,0.0,2.001441037547034e-05,3.14911037631869e-05,7.352400558782443e-05,4.669042690613668e-05,4.1751910149889354e-05,0.0,5.817166458218202e-05,1.999960000799984e-06,0.0,0.0,0.0,0.0,0.0,0.0,0.0,2.908583229109101e-05,1.0,0.0,0.0,1.0,0.0,0.0,0.0,0.0,[1],0.019230769230769232,500018,29926,49965,31756,81607,128506,95806,48069,34383,499971,24,0,2,1,8,7,4,0,2,1,0,0,0,0,0,0,0,1,0,0,0,0,0,0,0,0,0,0,0.9999060033838781,1.999928002591907e-06,0.0,0.0,0.0,0.0,0.0,0.0,0.0,2.908414041822994e-05,0.0,0.0,0.0,0.0,0.0,0.0,0.0,0.0,0.0,0.0,0.0,0.08333333333333333,0.041666666666666664,0.3333333333333333,0.2916666666666667,0.16666666666666666,0.0,0.08333333333333333,2,20,0,1,1,6,6,4,0,2,1,0,0,0,0,0,0,0,1,20,0,0,1,0,0,0,0,3.999920001599968e-05,0.0,2.001441037547034e-05,3.14911037631869e-05,7.352400558782443e-05,4.669042690613668e-05,4.1751910149889354e-05,0.0,5.817166458218202e-05,1.999960000799984e-06,0.0,0.0,0.0,0.0,0.0,0.0,0.0,2.908583229109101e-05,1.0,0.0,0.0,1.0,0.0,0.0,0.0,0.0,[1]
0.057692307692307696,500022,29926,49965,31757,81607,128507,95807,48069,34384,499843,83,2,10,4,24,23,14,1,5,1,0,0,0,0,0,0,0,1,0,0,0,0,0,0,0,0,0,0,0,0,0,0,0,0,0,0,0.999642015751307,1.9999120038718296e-06,0.0,0.0,0.0,0.0,0.0,0.0,0.0,2.908329455560726e-05,0.0,0.0,0.0,0.0,0.0,0.0,0.0,0.0,0.0,0.0,0.0,0.0,0.0,0.0,0.0,0.0,0.0,0.0,0.024096385542168676,0.12048192771084337,0.04819277108433735,0.2891566265060241,0.27710843373493976,0.1686746987951807,0.012048192771084338,0.060240963855421686,0.0,0.0,0.0,0.0,0.0,0.0,0.0,1.0,,,,,,,,,3,59,2,8,3,16,16,10,1,3,0,0,0,0,0,0,0,0,0,59,0,0,0,0,0,0,0,0.00011799575215292249,6.683151774376797e-05,0.00016011207845491844,9.447033631439728e-05,0.00019606161236168467,0.00012450780508303113,0.00010437759639271026,2.0803428405001145e-05,8.725242125468982e-05,0.0,0.0,0.0,0.0,0.0,0.0,0.0,0.0,0.0,1.0,0.0,0.0,,,,0.0,,[0],0.038461538461538464,500022,29926,49965,31757,81607,128507,95807,48069,34384,499843,83,2,10,4,24,23,14,1,5,1,0,0,0,0,0,0,0,1,0,0,0,0,0,0,0,0,0,0,0.999642015751307,1.9999120038718296e-06,0.0,0.0,0.0,0.0,0.0,0.0,0.0,2.908329455560726e-05,0.0,0.0,0.0,0.0,0.0,0.0,0.0,0.0,0.0,0.0,0.024096385542168676,0.12048192771084337,0.04819277108433735,0.2891566265060241,0.27710843373493976,0.1686746987951807,0.012048192771084338,0.060240963855421686,3,59,2,8,3,16,16,10,1,3,0,0,0,0,0,0,0,0,0,59,0,0,0,0,0,0,0,0.00011799575215292249,6.683151774376797e-05,0.00016011207845491844,9.447033631439728e-05,0.00019606161236168467,0.00012450780508303113,0.00010437759639271026,2.0803428405001145e-05,8.725242125468982e-05,0.0,0.0,0.0,0.0,0.0,0.0,0.0,0.0,0.0,1.0,0.0,0.0,,,,0.0,,[0]
0.07692307692307693,500027,29926,49966,31757,81608,128507,95809,48069,34385,499396,286,10,32,25,64,88,50,8,9,1,0,0,0,0,0,0,0,1,0,0,0,0,0,0,0,0,0,0,0,0,0,0,0,0,0,0,0.9987380681443202,1.999892005831685e-06,0.0,0.0,0.0,0.0,0.0,0.0,0.0,2.908244874218409e-05,0.0,0.0,0.0,0.0,0.0,0.0,0.0,0.0,0.0,0.0,0.0,0.0,0.0,0.0,0.0,0.0,0.0,0.0,0.03496503496503497,0.11188811188811189,0.08741258741258741,0.22377622377622378,0.3076923076923077,0.17482517482517482,0.027972027972027972,0.03146853146853147,0.0,0.0,0.0,0.0,0.0,0.0,0.0,1.0,,,,,,,,,4,203,8,22,21,40,65,36,7,4,0,0,0,0,0,0,0,0,0,203,0,0,0,0,0,0,0,0.0004059821367859814,0.00026732607097507187,0.0004403082157510257,0.000661271530686148,0.0004901540309042116,0.0005058090220766184,0.00037575542496894797,0.000145623998835008,0.00011633317822242904,0.0,0.0,0.0,0.0,0.0,0.0,0.0,0.0,0.0,1.0,0.0,0.0,,,,0.0,,[0],0.057692307692307696,500027,29926,49966,31757,81608,128507,95809,48069,34385,499396,286,10,32,25,64,88,50,8,9,1,0,0,0,0,0,0,0,1,0,0,0,0,0,0,0,0,0,0,0.9987380681443202,1.999892005831685e-06,0.0,0.0,0.0,0.0,0.0,0.0,0.0,2.908244874218409e-05,0.0,0.0,0.0,0.0,0.0,0.0,0.0,0.0,0.0,0.0,0.03496503496503497,0.11188811188811189,0.08741258741258741,0.22377622377622378,0.3076923076923077,0.17482517482517482,0.027972027972027972,0.03146853146853147,4,203,8,22,21,40,65,36,7,4,0,0,0,0,0,0,0,0,0,203,0,0,0,0,0,0,0,0.0004059821367859814,0.00026732607097507187,0.0004403082157510257,0.000661271530686148,0.0004901540309042116,0.0005058090220766184,0.00037575542496894797,0.000145623998835008,0.00011633317822242904,0.0,0.0,0.0,0.0,0.0,0.0,0.0,0.0,0.0,1.0,0.0,0.0,,,,0.0,,[0]
0.09615384615384616,500038,29926,49967,31757,81611,128510,95810,48070,34387,497907,984,41,126,94,219,300,156,32,16,5,0,0,0,0,1,0,1,3,0,0,0,0,0,0,0,0,0,0,0,0,0,0,0,0,0,0,0.9957383238873846,9.99924005775561e-06,0.0,0.0,0.0,0.0,7.781495603454984e-06,0.0,2.080299563137092e-05,8.724227178875738e-05,0.0,0.0,0.0,0.0,0.0,0.0,0.0,0.0,0.0,0.0,0.0,0.0,0.0,0.0,0.0,0.0,0.0,0.0,0.041666666666666664,0.12804878048780488,0.09552845528455285,0.2225609756097561,0.3048780487804878,0.15853658536585366,0.032520325203252036,0.016260162601626018,0.0,0.0,0.0,0.0,0.2,0.0,0.2,0.6,,,,,,,,,5,698,31,94,69,155,212,106,24,7,4,0,0,0,0,1,0,1,2,698,0,0,4,0,0,0,0,0.0013959246200705162,0.0010358885250284033,0.0018812792699035344,0.002172749315111629,0.0018993235957259092,0.0016497155796960476,0.001106367877756787,0.0004992822817200275,0.00020357714119528865,7.99956802332674e-06,0.0,0.0,0.0,0.0,7.781677262717207e-06,0.0,2.0803428405001145e-05,5.816489748436818e-05,1.0,0.0,0.0,1.0,0.0,0.0,0.0,0.0,[0],0.07692307692307693,500038,29926,49967,31757,81611,128510,95810,48070,34387,497907,984,41,126,94,219,300,156,32,16,5,0,0,0,0,1,0,1,3,0,0,0,0,0,0,0,0,0,0,0.9957383238873846,9.99924005775561e-06,0.0,0.0,0.0,0.0,7.781495603454984e-06,0.0,2.080299563137092e-05,8.724227178875738e-05,0.0,0.0,0.0,0.0,0.0,0.0,0.0,0.0,0.0,0.0,0.041666666666666664,0.12804878048780488,0.09552845528455285,0.2225609756097561,0.3048780487804878,0.15853658536585366,0.032520325203252036,0.016260162601626018,5,698,31,94,69,155,212,106,24,7,4,0,0,0,0,1,0,1,2,698,0,0,4,0,0,0,0,0.0013959246200705162,0.0010358885250284033,0.0018812792699035344,0.002172749315111629,0.0018993235957259092,0.0016497155796960476,0.001106367877756787,0.0004992822817200275,0.00020357714119528865,7.99956802332674e-06,0.0,0.0,0.0,0.0,7.781677262717207e-06,0.0,2.0803428405001145e-05,5.816489748436818e-05,1.0,0.0,0.0,1.0,0.0,0.0,0.0,0.0,[0]
0.11538461538461539,500042,29927,49968,31757,81612,128511,95811,48071,34385,492666,3494,155,480,369,719,1078,528,113,52,13,0,0,0,0,1,3,3,6,2,0,0,0,0,0,0,0,2,0,0,0,0,0,0,0,0,0,0.9852492390639186,2.599781618344059e-05,0.0,0.0,0.0,0.0,7.781435052252336e-06,3.1311644800701384e-05,6.240768862723888e-05,0.00017449469245310454,3.999664028221629e-06,0.0,0.0,0.0,0.0,0.0,0.0,0.0,5.816489748436818e-05,0.0,0.0,0.0,0.0,0.0,0.0,0.0,0.0,0.0,0.04436176302232398,0.13737836290784203,0.10560961648540355,0.20578133943903834,0.3085289066971952,0.1511161991986262,0.032341156267887805,0.014882655981682884,0.0,0.0,0.0,0.0,0.07692307692307693,0.23076923076923078,0.23076923076923078,0.46153846153846156,0.0,0.0,0.0,0.0,0.0,0.0,0.0,1.0,6,2510,114,354,275,500,778,372,81,36,8,0,0,0,0,0,3,2,3,2510,0,0,8,0,0,0,0,0.005019618508993316,0.003809396511394774,0.007084675886084816,0.008659508139937652,0.006126625087304408,0.006054003579487977,0.003882684479699405,0.0016850426461410444,0.0010469072614650886,1.5998784092408977e-05,0.0,0.0,0.0,0.0,0.0,3.1311971610479076e-05,4.160599126274184e-05,8.724227178875738e-05,1.0,0.0,0.0,1.0,0.0,0.0,0.0,0.0,[0],0.09615384615384616,500042,29927,49968,31757,81612,128511,95811,48071,34385,492666,3494,155,480,369,719,1078,528,113,52,13,0,0,0,0,1,3,3,6,2,0,0,0,0,0,0,0,0,0,0.9852492390639186,2.599781618344059e-05,0.0,0.0,0.0,0.0,7.781435052252336e-06,3.1311644800701384e-05,6.240768862723888e-05,0.00017449469245310454,3.999664028221629e-06,0.0,0.0,0.0,0.0,0.0,0.0,0.0,0.0,0.0,0.04436176302232398,0.13737836290784203,0.10560961648540355,0.20578133943903834,0.3085289066971952,0.1511161991986262,0.032341156267887805,0.014882655981682884,6,2510,114,354,275,500,778,372,81,36,8,0,0,0,0,0,3,2,3,2510,0,0,8,0,0,0,0,0.005019618508993316,0.003809396511394774,0.007084675886084816,0.008659508139937652,0.006126625087304408,0.006054003579487977,0.003882684479699405,0.0016850426461410444,0.0010469072614650886,1.5998784092408977e-05,0.0,0.0,0.0,0.0,0.0,3.1311971610479076e-05,4.160599126274184e-05,8.724227178875738e-05,1.0,0.0,0.0,1.0,0.0,0.0,0.0,0.0,[0]
0.13461538461538464,500049,29927,49968,31757,81616,128512,95813,48071,34385,474444,12153,515,1709,1420,2449,3649,1880,351,180,49,1,1,0,3,12,5,10,17,3,0,0,0,0,0,0,1,2,0,0,0,0,0,0,0,0,0,0.9487950180882273,9.799039694109977e-05,3.341464229625422e-05,2.0012808197246236e-05,0.0,3.675749852970006e-05,9.337649402390438e-05,5.2184985336019124e-05,0.00020802562875746293,0.0004944016286171296,5.999412057618353e-06,0.0,0.0,0.0,0.0,0.0,0.0,2.0802562875746293e-05,5.816489748436818e-05,0.0,0.0,0.0,0.0,0.0,0.0,0.0,0.0,0.0,0.0423763679749856,0.14062371430922405,0.11684357771743602,0.20151402945774705,0.3002550810499465,0.15469431416111248,0.02888175759071834,0.01481115773882992,0.02040816326530612,0.02040816326530612,0.0,0.061224489795918366,0.24489795918367346,0.10204081632653061,0.20408163265306123,0.3469387755102041,0.0,0.0,0.0,0.0,0.0,0.0,0.3333333333333333,0.6666666666666666,7,8659,360,1229,1051,1730,2571,1352,238,128,36,1,1,0,3,11,2,7,11,8659,0,0,36,0,0,0,0,0.017316545410185544,0.012029271226651518,0.024595741274415626,0.033095065654816264,0.021197863059354016,0.020006069519340756,0.014111114590182756,0.004951009964427618,0.0037225534389995637,7.199395250798933e-05,3.341464229625422e-05,2.0012808197246236e-05,0.0,3.675930010292604e-05,8.55957855747757e-05,2.0874429867134253e-05,0.00014561794013022403,0.000319906936164025,1.0,0.0,0.0,1.0,0.0,0.0,0.0,0.0,[0],0.11538461538461539,500049,29927,49968,31757,81616,128512,95813,48071,34385,474444,12153,515,1709,1420,2449,3649,1880,351,180,49,1,1,0,3,12,5,10,17,3,0,0,0,0,0,0,0,0,0,0.9487950180882273,9.799039694109977e-05,3.341464229625422e-05,2.0012808197246236e-05,0.0,3.675749852970006e-05,9.337649402390438e-05,5.2184985336019124e-05,0.00020802562875746293,0.0004944016286171296,5.999412057618353e-06,0.0,0.0,0.0,0.0,0.0,0.0,0.0,0.0,0.0,0.0423763679749856,0.14062371430922405,0.11684357771743602,0.20151402945774705,0.3002550810499465,0.15469431416111248,0.02888175759071834,0.01481115773882992,7,8659,360,1229,1051,1730,2571,1352,238,128,36,1,1,0,3,11,2,7,11,8659,0,0,36,0,0,0,0,0.017316545410185544,0.012029271226651518,0.024595741274415626,0.033095065654816264,0.021197863059354016,0.020006069519340756,0.014111114590182756,0.004951009964427618,0.0037225534389995637,7.199395250798933e-05,3.341464229625422e-05,2.0012808197246236e-05,0.0,3.675930010292604e-05,8.55957855747757e-05,2.0874429867134253e-05,0.00014561794013022403,0.000319906936164025,1.0,0.0,0.0,1.0,0.0,0.0,0.0,0.0,[0]
0.15384615384615385,500050,29927,49968,31758,81617,128512,95812,48072,34384,461490,26795,1125,3699,3168,5446,8194,4013,798,352,143,1,6,1,9,40,30,22,34,6,0,0,0,0,1,1,1,3,0,0,0,0,0,0,0,0,0,0.9228877112288771,0.000285971402859714,3.341464229625422e-05,0.00012007684918347742,3.1488128975376285e-05,0.00011027114449195634,0.00031125498007968127,0.00031311317997745585,0.0004576468630387752,0.000988832014890647,1.1998800119988002e-05,0.0,0.0,0.0,0.0,7.781374501992032e-06,1.0437105999248528e-05,2.0802130138126145e-05,8.724988366682178e-05,0.0,0.0,0.0,0.0,0.0,0.0,0.0,0.0,0.0,0.04198544504571748,0.1380481433103191,0.11823101324874044,0.2032468744168688,0.30580332151520806,0.14976674752752378,0.02978167568576227,0.013136779249860049,0.006993006993006993,0.04195804195804196,0.006993006993006993,0.06293706293706294,0.27972027972027974,0.2097902097902098,0.15384615384615385,0.23776223776223776,0.0,0.0,0.0,0.0,0.16666666666666666,0.16666666666666666,0.16666666666666666,0.5,8,14642,610,1990,1748,2997,4545,2133,447,172,94,0,5,1,6,28,25,12,17,14642,0,0,94,0,0,0,0,0.029281130449215976,0.020382931800715074,0.039825488312520016,0.0550429826494946,0.03672074103117036,0.035366347111553786,0.022262114744345758,0.009298745605458592,0.005002181183655664,0.00018798157780537507,0.0,0.00010006404098623118,3.148912050886419e-05,7.351499705940012e-05,0.0002178784860557769,0.0002609249266800956,0.0002496307545089555,0.0004944016286171296,1.0,0.0,0.0,1.0,0.0,0.0,0.0,0.0,[1],0.13461538461538464,500050,29927,49968,31758,81617,128512,95812,48072,34384,461490,26795,1125,3699,3168,5446,8194,4013,798,352,143,1,6,1,9,40,30,22,34,6,0,0,0,0,0,0,0,0,0,0.9228877112288771,0.000285971402859714,3.341464229625422e-05,0.00012007684918347742,3.1488128975376285e-05,0.00011027114449195634,0.00031125498007968127,0.00031311317997745585,0.0004576468630387752,0.000988832014890647,1.1998800119988002e-05,0.0,0.0,0.0,0.0,0.0,0.0,0.0,0.0,0.0,0.04198544504571748,0.1380481433103191,0.11823101324874044,0.2032468744168688,0.30580332151520806,0.14976674752752378,0.02978167568576227,0.013136779249860049,8,14642,610,1990,1748,2997,4545,2133,447,172,94,0,5,1,6,28,25,12,17,14642,0,0,94,0,0,0,0,0.029281130449215976,0.020382931800715074,0.039825488312520016,0.0550429826494946,0.03672074103117036,0.035366347111553786,0.022262114744345758,0.009298745605458592,0.005002181183655664,0.00018798157780537507,0.0,0.00010006404098623118,3.148912050886419e-05,7.351499705940012e-05,0.0002178784860557769,0.0002609249266800956,0.0002496307545089555,0.0004944016286171296,1.0,0.0,0.0,1.0,0.0,0.0,0.0,0.0,[1]
0.1730769230769231,500050,29927,49969,31758,81618,128512,95812,48072,34381,446436,41678,1752,5776,4875,8396,12744,6297,1287,551,249,1,8,1,22,73,51,34,59,11,0,0,0,0,1,2,2,6,0,0,0,0,0,0,0,0,0,0.8927827217278272,0.0004979502049795021,3.341464229625422e-05,0.00016009926154215612,3.1488128975376285e-05,0.0002695483839349163,0.0005680403386454184,0.0005322924059616749,0.0007072724246962889,0.0017160641051743696,2.1997800219978002e-05,0.0,0.0,0.0,0.0,7.781374501992032e-06,2.0874211998497056e-05,4.160426027625229e-05,0.00017451499374654606,0.0,0.0,0.0,0.0,0.0,0.0,0.0,0.0,0.0,0.0420365660540333,0.13858630452516915,0.11696818465377418,0.20144920581601805,0.305772829790297,0.15108690436201352,0.030879600748596383,0.013220404050098373,0.004016064257028112,0.0321285140562249,0.004016064257028112,0.08835341365461848,0.2931726907630522,0.20481927710843373,0.13654618473895583,0.23694779116465864,0.0,0.0,0.0,0.0,0.09090909090909091,0.18181818181818182,0.18181818181818182,0.5454545454545454,9,14883,627,2077,1707,2950,4550,2284,489,199,106,0,2,0,13,33,21,12,25,14883,0,0,106,0,0,0,0,0.029763023697630238,0.020950980719751395,0.04156660262568043,0.053750236160967316,0.036144430694585686,0.035405253984063745,0.023838350102283638,0.010172241637543685,0.005787575616565845,0.00021197880211978803,0.0,4.002561639449247e-05,0.0,0.00015928054204393692,0.00025678535856573704,0.0002191792259842191,0.00024962556165751375,0.0007270823638901814,1.0,0.0,0.0,1.0,0.0,0.0,0.0,0.0,[1],0.15384615384615385,500050,29927,49969,31758,81618,128512,95812,48072,34381,446436,41678,1752,5776,4875,8396,12744,6297,1287,551,249,1,8,1,22,73,51,34,59,11,0,0,0,0,0,0,0,0,0,0.8927827217278272,0.0004979502049795021,3.341464229625422e-05,0.00016009926154215612,3.1488128975376285e-05,0.0002695483839349163,0.0005680403386454184,0.0005322924059616749,0.0007072724246962889,0.0017160641051743696,2.1997800219978002e-05,0.0,0.0,0.0,0.0,0.0,0.0,0.0,0.0,0.0,0.0420365660540333,0.13858630452516915,0.11696818465377418,0.20144920581601805,0.305772829790297,0.15108690436201352,0.030879600748596383,0.013220404050098373,9,14883,627,2077,1707,2950,4550,2284,489,199,106,0,2,0,13,33,21,12,25,14883,0,0,106,0,0,0,0,0.029763023697630238,0.020950980719751395,0.04156660262568043,0.053750236160967316,0.036144430694585686,0.035405253984063745,0.023838350102283638,0.010172241637543685,0.005787575616565845,0.00021197880211978803,0.0,4.002561639449247e-05,0.0,0.00015928054204393692,0.00025678535856573704,0.0002191792259842191,0.00024962556165751375,0.0007270823638901814,1.0,0.0,0.0,1.0,0.0,0.0,0.0,0.0,[1]
0.19230769230769232,500047,29927,49969,31759,81617,128512,95812,48069,34380,431392,57016,2426,7854,6572,11397,17599,8637,1771,760,377,5,13,3,31,112,78,54,81,21,0,0,0,1,3,3,6,8,0,0,0,0,0,0,0,0,0,0.8627029059268428,0.0007539291306617179,0.00016707321148127108,0.00026016130000600373,9.446141251298844e-05,0.0003798228310278496,0.0008715139442231076,0.0008140942679413852,0.0011233851338700617,0.002356020942408377,4.1996052371077116e-05,0.0,0.0,0.0,1.2252349387995148e-05,2.3344123505976095e-05,3.131131799774559e-05,0.00012482057043000687,0.0002326934264107039,0.0,0.0,0.0,0.0,0.0,0.0,0.0,0.0,0.0,0.04254945980075768,0.13775080679107618,0.11526589027641364,0.19989125859407886,0.3086677423881016,0.15148379402273046,0.031061456433281887,0.013329591693559703,0.013262599469496022,0.034482758620689655,0.007957559681697613,0.08222811671087533,0.29708222811671087,0.20689655172413793,0.14323607427055704,0.21485411140583555,0.0,0.0,0.0,0.047619047619047616,0.14285714285714285,0.14285714285714285,0.2857142857142857,0.38095238095238093,10,15338,674,2078,1697,3001,4855,2340,484,209,128,4,5,2,9,39,27,20,22,15338,0,0,128,0,0,0,0,0.030672932706729328,0.022521468907675344,0.041585783185575056,0.05343535487121355,0.03676885000857654,0.03777857320717132,0.024422828038241556,0.010068230986853053,0.006078938948838021,0.000255974402559744,0.00013365856918501687,0.00010006203846384759,6.297625795075257e-05,0.00011026979342792031,0.00030347360557768924,0.00028180186197971025,0.0004160426027625229,0.0006398883104040022,1.0,0.0,0.0,1.0,0.0,0.0,0.0,0.0,[1],0.1730769230769231,500047,29927,49969,31759,81617,128512,95812,48069,34380,431392,57016,2426,7854,6572,11397,17599,8637,1771,760,377,5,13,3,31,112,78,54,81,21,0,0,0,0,0,0,0,0,0,0.8627029059268428,0.0007539291306617179,0.00016707321148127108,0.00026016130000600373,9.446141251298844e-05,0.0003798228310278496,0.0008715139442231076,0.0008140942679413852,0.0011233851338700617,0.002356020942408377,4.1996052371077116e-05,0.0,0.0,0.0,0.0,0.0,0.0,0.0,0.0,0.0,0.04254945980075768,0.13775080679107618,0.11526589027641364,0.19989125859407886,0.3086677423881016,0.15148379402273046,0.031061456433281887,0.013329591693559703,10,15338,674,2078,1697,3001,4855,2340,484,209,128,4,5,2,9,39,27,20,22,15338,0,0,128,0,0,0,0,0.030672932706729328,0.022521468907675344,0.041585783185575056,0.05343535487121355,0.03676885000857654,0.03777857320717132,0.024422828038241556,0.010068230986853053,0.006078938948838021,0.000255974402559744,0.00013365856918501687,0.00010006203846384759,6.297625795075257e-05,0.00011026979342792031,0.00030347360557768924,0.00028180186197971025,0.0004160426027625229,0.0006398883104040022,1.0,0.0,0.0,1.0,0.0,0.0,0.0,0.0,[1]
0.21153846153846156,500044,29927,49970,31759,81619,128512,95810,48069,34376,416744,72356,3067,9981,8205,14505,22335,11040,2258,965,506,6,15,3,39,153,115,69,106,29,0,0,0,1,4,6,6,12,0,0,0,0,0,0,0,0,0,0.8334146595099631,0.0010119109518362385,0.0002004878537775253,0.0003001801080648389,9.446141251298844e-05,0.00047782991705362725,0.001190550298804781,0.0012002922450683644,0.001435436559945079,0.0030835466604607867,5.799489644911248e-05,0.0,0.0,0.0,1.2252049155221211e-05,3.112549800796813e-05,6.262394322095815e-05,0.00012482057043000687,0.0003490807540144287,0.0,0.0,0.0,0.0,0.0,0.0,0.0,0.0,0.0,0.04238763889656697,0.13794294875338603,0.1133976449776107,0.20046713472275968,0.30868207197744485,0.15257891536292775,0.03120681076897562,0.013336834540328376,0.011857707509881422,0.029644268774703556,0.005928853754940711,0.07707509881422925,0.30237154150197626,0.22727272727272727,0.13636363636363635,0.20948616600790515,0.0,0.0,0.0,0.034482758620689655,0.13793103448275862,0.20689655172413793,0.20689655172413793,0.41379310344827586,11,15340,641,2127,1633,3108,4736,2403,487,205,129,1,2,0,8,41,37,15,25,15340,0,0,129,0,0,0,0,0.030677116351063,0.021418785711898956,0.04256639116252076,0.05141849554457004,0.03808030189788892,0.036852589641434265,0.025080365716194215,0.010131269633235558,0.005962769051774288,0.0002579757502794737,3.341464229625422e-05,4.002481538553903e-05,0.0,9.801879510396118e-05,0.0003190363545816733,0.00038617292197219553,0.00031205142607501716,0.0007271669575334497,1.0,0.0,0.0,1.0,0.0,0.0,0.0,0.0,[1],0.19230769230769232,500044,29927,49970,31759,81619,128512,95810,48069,34376,416744,72356,3067,9981,8205,14505,22335,11040,2258,965,506,6,15,3,39,153,115,69,106,29,0,0,0,0,0,0,0,0,0,0.8334146595099631,0.0010119109518362385,0.0002004878537775253,0.0003001801080648389,9.446141251298844e-05,0.00047782991705362725,0.001190550298804781,0.0012002922450683644,0.001435436559945079,0.0030835466604607867,5.799489644911248e-05,0.0,0.0,0.0,0.0,0.0,0.0,0.0,0.0,0.0,0.04238763889656697,0.13794294875338603,0.1133976449776107,0.20046713472275968,0.30868207197744485,0.15257891536292775,0.03120681076897562,0.013336834540328376,11,15340,641,2127,1633,3108,4736,2403,487,205,129,1,2,0,8,41,37,15,25,15340,0,0,129,0,0,0,0,0.030677116351063,0.021418785711898956,0.04256639116252076,0.05141849554457004,0.03808030189788892,0.036852589641434265,0.025080365716194215,0.010131269633235558,0.005962769051774288,0.0002579757502794737,3.341464229625422e-05,4.002481538553903e-05,0.0,9.801879510396118e-05,0.0003190363545816733,0.00038617292197219553,0.00031205142607501716,0.0007271669575334497,1.0,0.0,0.0,1.0,0.0,0.0,0.0,0.0,[1]
0.23076923076923078,500027,29927,49971,31759,81618,128512,95806,48068,34364,402963,87778,3740,12055,9802,17603,27125,13532,2739,1182,636,7,20,3,50,192,151,82,131,48,0,0,0,2,4,11,7,24,0,0,0,0,0,0,0,0,0,0.8058824823459533,0.0012719313157089516,0.00023390249607377952,0.0004002321346380901,9.446141251298844e-05,0.0006126099634884462,0.00149402390438247,0.001576101705529925,0.0017059166181243239,0.0038121289721801885,9.599481627992088e-05,0.0,0.0,0.0,2.4504398539537846e-05,3.112549800796813e-05,0.0001148153560319813,0.00014562702837646668,0.0006984053078803399,0.0,0.0,0.0,0.0,0.0,0.0,0.0,0.0,0.0,0.04260748706965299,0.13733509535418897,0.1116680717264007,0.20053999863291486,0.3090182050172025,0.15416163503383537,0.031203718471598807,0.013465788694205838,0.0110062893081761,0.031446540880503145,0.0047169811320754715,0.07861635220125786,0.3018867924528302,0.23742138364779874,0.1289308176100629,0.2059748427672956,0.0,0.0,0.0,0.041666666666666664,0.08333333333333333,0.22916666666666666,0.14583333333333334,0.5,12,15422,673,2074,1597,3098,4790,2492,481,217,130,1,5,0,11,39,36,13,25,15422,0,0,130,0,0,0,0,0.030841285966834917,0.02248805426537909,0.04150490294176506,0.05028495859441418,0.03795684828287531,0.03727278386454183,0.02600981108443795,0.01000644906280555,0.006312543635094252,0.0002599771220132628,3.341464229625422e-05,0.00010006003602161297,0.0,0.00013477254070743333,0.00030347360557768924,0.0003757436593257489,0.00027044456926501485,0.0007272515708633931,1.0,0.0,0.0,1.0,0.0,0.0,0.0,0.0,[1],0.21153846153846156,500027,29927,49971,31759,81618,128512,95806,48068,34364,402963,87778,3740,12055,9802,17603,27125,13532,2739,1182,636,7,20,3,50,192,151,82,131,48,0,0,0,0,0,0,0,0,0,0.8058824823459533,0.0012719313157089516,0.00023390249607377952,0.0004002321346380901,9.446141251298844e-05,0.0006126099634884462,0.00149402390438247,0.001576101705529925,0.0017059166181243239,0.0038121289721801885,9.599481627992088e-05,0.0,0.0,0.0,0.0,0.0,0.0,0.0,0.0,0.0,0.04260748706965299,0.13733509535418897,0.1116680717264007,0.20053999863291486,0.3090182050172025,0.15416163503383537,0.031203718471598807,0.013465788694205838,12,15422,673,2074,1597,3098,4790,2492,481,217,130,1,5,0,11,39,36,13,25,15422,0,0,130,0,0,0,0,0.030841285966834917,0.02248805426537909,0.04150490294176506,0.05028495859441418,0.03795684828287531,0.03727278386454183,0.02600981108443795,0.01000644906280555,0.006312543635094252,0.0002599771220132628,3.341464229625422e-05,0.00010006003602161297,0.0,0.00013477254070743333,0.00030347360557768924,0.0003757436593257489,0.00027044456926501485,0.0007272515708633931,1.0,0.0,0.0,1.0,0.0,0.0,0.0,0.0,[1]
0.25,500027,29928,49972,31759,81621,128513,95806,48066,34360,390114,102312,4359,13955,11317,20521,31521,15986,3251,1402,757,7,26,5,60,225,182,97,155,56,0,0,0,2,4,12,9,29,0,0,0,0,0,0,0,0,0,0.780185869963022,0.0015139182484145855,0.0002338946805666934,0.0005202913631633715,0.0001574356875216474,0.0007351049362296467,0.001750795639351661,0.0018996722543473269,0.002018058502891857,0.004511059371362049,0.00011199395232657437,0.0,0.0,0.0,2.450349787432156e-05,3.112525581069619e-05,0.0001252531156712523,0.00018724254150543002,0.0008440046565774156,0.0,0.0,0.0,0.0,0.0,0.0,0.0,0.0,0.0,0.04260497302369223,0.13639651262803973,0.11061263585894128,0.20057275783876768,0.3080870279146141,0.1562475564938619,0.031775353819688795,0.013703182422394246,0.009247027741083224,0.034346103038309116,0.0066050198150594455,0.07926023778071334,0.29722589167767505,0.2404227212681638,0.12813738441215325,0.2047556142668428,0.0,0.0,0.0,0.03571428571428571,0.07142857142857142,0.21428571428571427,0.16071428571428573,0.5178571428571429,13,14534,619,1900,1515,2918,4396,2454,512,220,121,0,6,2,10,33,31,15,24,14534,0,0,121,0,0,0,0,0.02906643041275771,0.02068366358138136,0.03802205279061856,0.047703013319059163,0.03575191746918572,0.03420692231075697,0.0256142621547711,0.010651576932678705,0.006402048655569782,0.0002419869327056339,0.0,0.00012006964039142703,6.297427500865896e-05,0.00012252199269768924,0.00025678535856573704,0.0003235705488174018,0.0003120579179495714,0.0006984053078803399,1.0,0.0,0.0,1.0,0.0,0.0,0.0,0.0,[1],0.23076923076923078,500027,29928,49972,31759,81621,128513,95806,48066,34360,390114,102312,4359,13955,11317,20521,31521,15986,3251,1402,757,7,26,5,60,225,182,97,155,56,0,0,0,0,0,0,0,0,0,0.780185869963022,0.0015139182484145855,0.0002338946805666934,0.0005202913631633715,0.0001574356875216474,0.0007351049362296467,0.001750795639351661,0.0018996722543473269,0.002018058502891857,0.004511059371362049,0.00011199395232657437,0.0,0.0,0.0,0.0,0.0,0.0,0.0,0.0,0.0,0.04260497302369223,0.13639651262803973,0.11061263585894128,0.20057275783876768,0.3080870279146141,0.1562475564938619,0.031775353819688795,0.013703182422394246,13,14534,619,1900,1515,2918,4396,2454,512,220,121,0,6,2,10,33,31,15,24,14534,0,0,121,0,0,0,0,0.02906643041275771,0.02068366358138136,0.03802205279061856,0.047703013319059163,0.03575191746918572,0.03420692231075697,0.0256142621547711,0.010651576932678705,0.006402048655569782,0.0002419869327056339,0.0,0.00012006964039142703,6.297427500865896e-05,0.00012252199269768924,0.00025678535856573704,0.0003235705488174018,0.0003120579179495714,0.0006984053078803399,1.0,0.0,0.0,1.0,0.0,0.0,0.0,0.0,[1]
0.2692307692307693,500023,29928,49973,31760,81622,128515,95803,48065,34355,378985,116069,4972,15733,12670,23191,35886,18225,3766,1626,883,8,31,6,66,258,209,120,185,65,0,0,0,2,4,15,10,34,0,0,0,0,0,0,0,0,0,0.7579351349837907,0.0017659187677366841,0.0002673082063619353,0.0006203349808896804,0.0001889168765743073,0.0008086055230207542,0.002007547757071159,0.002181560076406793,0.002496619161552065,0.0053849512443603555,0.00012999402027506735,0.0,0.0,0.0,2.4503197667295583e-05,3.112477142745983e-05,0.00015657129734976985,0.00020805159679600541,0.0009896667151797409,0.0,0.0,0.0,0.0,0.0,0.0,0.0,0.0,0.0,0.042836588580930306,0.13554868224935168,0.10915920702340849,0.19980356512074715,0.3091781612661434,0.1570186699290939,0.032446217336239654,0.014008908494085415,0.009060022650056626,0.035107587768969425,0.006795016987542469,0.07474518686296716,0.29218573046432617,0.23669309173272934,0.13590033975084936,0.20951302378255945,0.0,0.0,0.0,0.03076923076923077,0.06153846153846154,0.23076923076923078,0.15384615384615385,0.5230769230769231,14,13757,613,1778,1353,2670,4365,2239,515,224,126,1,5,1,6,33,27,23,30,13757,0,0,126,0,0,0,0,0.02751251432422649,0.020482491312483295,0.0355799247578644,0.04260209704335779,0.03271216966221928,0.03396543540342222,0.023370143832327828,0.010714434319477386,0.006519208381839348,0.00025198639273479233,3.3413525795241913e-05,0.00010005603137757145,3.148713750432948e-05,7.351049362296468e-05,0.0002567833604382436,0.0002818195102603177,0.0004785087171805434,0.0008731082654249127,1.0,0.0,0.0,1.0,0.0,0.0,0.0,0.0,[1],0.25,500023,29928,49973,31760,81622,128515,95803,48065,34355,378985,116069,4972,15733,12670,23191,35886,18225,3766,1626,883,8,31,6,66,258,209,120,185,65,0,0,0,0,0,0,0,0,0,0.7579351349837907,0.0017659187677366841,0.0002673082063619353,0.0006203349808896804,0.0001889168765743073,0.0008086055230207542,0.002007547757071159,0.002181560076406793,0.002496619161552065,0.0053849512443603555,0.00012999402027506735,0.0,0.0,0.0,0.0,0.0,0.0,0.0,0.0,0.0,0.042836588580930306,0.13554868224935168,0.10915920702340849,0.19980356512074715,0.3091781612661434,0.1570186699290939,0.032446217336239654,0.014008908494085415,14,13757,613,1778,1353,2670,4365,2239,515,224,126,1,5,1,6,33,27,23,30,13757,0,0,126,0,0,0,0,0.02751251432422649,0.020482491312483295,0.0355799247578644,0.04260209704335779,0.03271216966221928,0.03396543540342222,0.023370143832327828,0.010714434319477386,0.006519208381839348,0.00025198639273479233,3.3413525795241913e-05,0.00010005603137757145,3.148713750432948e-05,7.351049362296468e-05,0.0002567833604382436,0.0002818195102603177,0.0004785087171805434,0.0008731082654249127,1.0,0.0,0.0,1.0,0.0,0.0,0.0,0.0,[1]
0.2884615384615385,500021,29928,49973,31760,81623,128518,95801,48064,34351,369675,128194,5504,17251,13864,25613,39636,20243,4254,1829,996,8,33,7,76,298,233,132,209,75,0,0,0,2,4,17,13,39,0,0,0,0,0,0,0,0,0,0.7393189486041586,0.0019919163395137403,0.0002673082063619353,0.0006603565925599824,0.00022040302267002518,0.0009311101037697707,0.0023187413436250174,0.002432124925627081,0.0027463382157123834,0.006084247911268959,0.0001499937002645889,0.0,0.0,0.0,2.4502897467625546e-05,3.1124044880872716e-05,0.00017745117483116042,0.0002704727030625832,0.0011353381269832029,0.0,0.0,0.0,0.0,0.0,0.0,0.0,0.0,0.0,0.042934926751642045,0.13456948063091875,0.10814858729737742,0.19979874253085167,0.30918763748693384,0.1579091065104451,0.03318408037817683,0.014267438413654306,0.008032128514056224,0.03313253012048193,0.007028112449799197,0.07630522088353414,0.2991967871485944,0.23393574297188754,0.13253012048192772,0.20983935742971888,0.0,0.0,0.0,0.02666666666666667,0.05333333333333334,0.22666666666666666,0.17333333333333334,0.52,15,12125,532,1518,1194,2422,3750,2018,488,203,113,0,2,1,10,40,24,12,24,12125,0,0,113,0,0,0,0,0.02424888455131064,0.017775995723068698,0.03037640325775919,0.037594458438287154,0.02967337237509495,0.02917947321324359,0.021064058536789037,0.010152917923645064,0.005908892446514336,0.00022598960447819402,0.0,4.002161167030196e-05,3.148614609571788e-05,0.00012251598833647791,0.0003112477142745983,0.00025051407575963177,0.0002496619161552065,0.0006985882695386406,1.0,0.0,0.0,1.0,0.0,0.0,0.0,0.0,[1],0.2692307692307693,500021,29928,49973,31760,81623,128518,95801,48064,34351,369675,128194,5504,17251,13864,25613,39636,20243,4254,1829,996,8,33,7,76,298,233,132,209,75,0,0,0,0,0,0,0,0,0,0.7393189486041586,0.0019919163395137403,0.0002673082063619353,0.0006603565925599824,0.00022040302267002518,0.0009311101037697707,0.0023187413436250174,0.002432124925627081,0.0027463382157123834,0.006084247911268959,0.0001499937002645889,0.0,0.0,0.0,0.0,0.0,0.0,0.0,0.0,0.0,0.042934926751642045,0.13456948063091875,0.10814858729737742,0.19979874253085167,0.30918763748693384,0.1579091065104451,0.03318408037817683,0.014267438413654306,15,12125,532,1518,1194,2422,3750,2018,488,203,113,0,2,1,10,40,24,12,24,12125,0,0,113,0,0,0,0,0.02424888455131064,0.017775995723068698,0.03037640325775919,0.037594458438287154,0.02967337237509495,0.02917947321324359,0.021064058536789037,0.010152917923645064,0.005908892446514336,0.00022598960447819402,0.0,4.002161167030196e-05,3.148614609571788e-05,0.00012251598833647791,0.0003112477142745983,0.00025051407575963177,0.0002496619161552065,0.0006985882695386406,1.0,0.0,0.0,1.0,0.0,0.0,0.0,0.0,[1]
0.3076923076923077,500011,29928,49973,31760,81623,128517,95801,48065,34343,361968,138895,6018,18558,14916,27750,42923,22053,4649,2028,1113,8,37,7,81,329,261,146,244,88,0,0,0,2,5,18,15,48,0,0,0,0,0,0,0,0,0,0.7239200737583773,0.00222595102907736,0.0002673082063619353,0.0007403998159005863,0.00022040302267002518,0.0009923673474388347,0.002559972610627388,0.002724397448878404,0.003037553313221679,0.007104795737122558,0.00017599612808518212,0.0,0.0,0.0,2.4502897467625546e-05,3.890535882412443e-05,0.00018788947923299338,0.0003120773951940081,0.0013976647351716506,0.0,0.0,0.0,0.0,0.0,0.0,0.0,0.0,0.0,0.04332769358148242,0.1336117210842723,0.10739047481910796,0.19979120918679577,0.30903200259188596,0.15877461391698766,0.033471327261600486,0.014600957557867453,0.0071877807726864335,0.03324348607367475,0.006289308176100629,0.07277628032345014,0.29559748427672955,0.23450134770889489,0.13117699910152741,0.2192273135669362,0.0,0.0,0.0,0.022727272727272728,0.056818181818181816,0.20454545454545456,0.17045454545454544,0.5454545454545454,16,10701,514,1307,1052,2137,3287,1810,395,199,117,0,4,0,5,31,28,14,35,10701,0,0,117,0,0,0,0,0.02140110115375154,0.017174552258754344,0.02615412322654233,0.03312342569269521,0.026181345944157896,0.025576183880857157,0.01889333096731767,0.008218209054593875,0.005793135571016856,0.00023399017241275866,0.0,8.004322334060392e-05,0.0,6.125724366906386e-05,0.00024121134782676356,0.00029227252325132307,0.00029127829560585887,0.0010188931908823614,1.0,0.0,0.0,1.0,0.0,0.0,0.0,0.0,[1],0.2884615384615385,500011,29928,49973,31760,81623,128517,95801,48065,34343,361968,138895,6018,18558,14916,27750,42923,22053,4649,2028,1113,8,37,7,81,329,261,146,244,88,0,0,0,0,0,0,0,0,0,0.7239200737583773,0.00222595102907736,0.0002673082063619353,0.0007403998159005863,0.00022040302267002518,0.0009923673474388347,0.002559972610627388,0.002724397448878404,0.003037553313221679,0.007104795737122558,0.00017599612808518212,0.0,0.0,0.0,0.0,0.0,0.0,0.0,0.0,0.0,0.04332769358148242,0.1336117210842723,0.10739047481910796,0.19979120918679577,0.30903200259188596,0.15877461391698766,0.033471327261600486,0.014600957557867453,16,10701,514,1307,1052,2137,3287,1810,395,199,117,0,4,0,5,31,28,14,35,10701,0,0,117,0,0,0,0,0.02140110115375154,0.017174552258754344,0.02615412322654233,0.03312342569269521,0.026181345944157896,0.025576183880857157,0.01889333096731767,0.008218209054593875,0.005793135571016856,0.00023399017241275866,0.0,8.004322334060392e-05,0.0,6.125724366906386e-05,0.00024121134782676356,0.00029227252325132307,0.00029127829560585887,0.0010188931908823614,1.0,0.0,0.0,1.0,0.0,0.0,0.0,0.0,[1]
0.3269230769230769,500009,29929,49974,31761,81623,128518,95800,48063,34338,355681,148204,6473,19733,15773,29607,45769,23656,4983,2210,1209,10,40,10,90,351,290,156,262,99,0,0,0,2,5,22,17,53,0,0,0,0,0,0,0,0,0,0.7113491957144772,0.002417956476783418,0.0003341240936883959,0.0008004162164325449,0.00031485154749535596,0.0011026303860431495,0.002731134938296581,0.0030271398747390398,0.0032457399662942387,0.007630030869590541,0.00019799643606415083,0.0,0.0,0.0,2.4502897467625546e-05,3.8905056101090896e-05,0.00022964509394572026,0.0003537024322243722,0.001543479527054575,0.0,0.0,0.0,0.0,0.0,0.0,0.0,0.0,0.0,0.04367628404091657,0.1331475533723786,0.10642762678470216,0.19977193598013548,0.30882432323014225,0.1596178240803217,0.03362257428949286,0.014911878221910339,0.008271298593879239,0.033085194375516956,0.008271298593879239,0.07444168734491315,0.2903225806451613,0.23986765922249792,0.12903225806451613,0.21670802315963605,0.0,0.0,0.0,0.020202020202020204,0.050505050505050504,0.2222222222222222,0.1717171717171717,0.5353535353535354,17,9309,455,1175,857,1857,2846,1603,334,182,96,2,3,3,9,22,29,10,18,9309,0,0,96,0,0,0,0,0.018617590413010913,0.01520315423683507,0.023512696856302404,0.026983627204030226,0.02275094029869032,0.022144930242691627,0.016732601956138245,0.006948923332986581,0.005299478787525842,0.00019199577609292596,6.682705159048383e-05,6.003241750545294e-05,9.445843828715365e-05,0.00011026303860431496,0.0001711835788261475,0.000302710827653156,0.00020805159679600541,0.0005241242756893691,1.0,0.0,0.0,1.0,0.0,0.0,0.0,0.0,[1],0.3076923076923077,500009,29929,49974,31761,81623,128518,95800,48063,34338,355681,148204,6473,19733,15773,29607,45769,23656,4983,2210,1209,10,40,10,90,351,290,156,262,99,0,0,0,0,0,0,0,0,0,0.7113491957144772,0.002417956476783418,0.0003341240936883959,0.0008004162164325449,0.00031485154749535596,0.0011026303860431495,0.002731134938296581,0.0030271398747390398,0.0032457399662942387,0.007630030869590541,0.00019799643606415083,0.0,0.0,0.0,0.0,0.0,0.0,0.0,0.0,0.0,0.04367628404091657,0.1331475533723786,0.10642762678470216,0.19977193598013548,0.30882432323014225,0.1596178240803217,0.03362257428949286,0.014911878221910339,17,9309,455,1175,857,1857,2846,1603,334,182,96,2,3,3,9,22,29,10,18,9309,0,0,96,0,0,0,0,0.018617590413010913,0.01520315423683507,0.023512696856302404,0.026983627204030226,0.02275094029869032,0.022144930242691627,0.016732601956138245,0.006948923332986581,0.005299478787525842,0.00019199577609292596,6.682705159048383e-05,6.003241750545294e-05,9.445843828715365e-05,0.00011026303860431496,0.0001711835788261475,0.000302710827653156,0.00020805159679600541,0.0005241242756893691,1.0,0.0,0.0,1.0,0.0,0.0,0.0,0.0,[1]
0.3461538461538462,499998,29930,49974,31761,81624,128517,95799,48062,34330,350568,156449,6872,20737,16522,31272,48392,25036,5279,2339,1289,10,43,10,93,376,308,164,285,113,0,0,0,2,6,25,19,61,0,0,0,0,0,0,0,0,0,0.7011388045552183,0.0025780103120412482,0.0003341129301703976,0.0008604474326649858,0.00031485154749535596,0.00113937077330197,0.0029256829835741576,0.003215064875416236,0.003412259165244892,0.008301776871540927,0.00022600090400361601,0.0,0.0,0.0,2.4502597275311183e-05,4.668643058894932e-05,0.0002609630580694997,0.0003953227081686155,0.0017768715409263035,0.0,0.0,0.0,0.0,0.0,0.0,0.0,0.0,0.0,0.043924857301740505,0.13254798688390465,0.10560629981655363,0.19988622490396232,0.309314856598636,0.1600265901348043,0.033742625392300364,0.01495055896809823,0.007757951900698216,0.03335919317300233,0.007757951900698216,0.0721489526764934,0.2916989914662529,0.23894491854150504,0.12723041117145073,0.22110162916989914,0.0,0.0,0.0,0.017699115044247787,0.05309734513274336,0.22123893805309736,0.168141592920354,0.5398230088495575,18,8245,399,1004,749,1665,2623,1380,296,129,80,0,3,0,3,25,18,8,23,8245,0,0,80,0,0,0,0,0.016489703185342663,0.013331551338166995,0.02009044703245688,0.02358238090740216,0.02039866214179827,0.020409592430632284,0.01440501043841336,0.006158583525789068,0.003756770924340381,0.00015999712005183907,0.0,6.003121623244087e-05,0.0,3.675434620143832e-05,0.0001945252805054545,0.00018789144050104385,0.00016644820339970455,0.0006698118702312307,1.0,0.0,0.0,1.0,0.0,0.0,0.0,0.0,[1],0.3269230769230769,499998,29930,49974,31761,81624,128517,95799,48062,34330,350568,156449,6872,20737,16522,31272,48392,25036,5279,2339,1289,10,43,10,93,376,308,164,285,113,0,0,0,0,0,0,0,0,0,0.7011388045552183,0.0025780103120412482,0.0003341129301703976,0.0008604474326649858,0.00031485154749535596,0.00113937077330197,0.0029256829835741576,0.003215064875416236,0.003412259165244892,0.008301776871540927,0.00022600090400361601,0.0,0.0,0.0,0.0,0.0,0.0,0.0,0.0,0.0,0.043924857301740505,0.13254798688390465,0.10560629981655363,0.19988622490396232,0.309314856598636,0.1600265901348043,0.033742625392300364,0.01495055896809823,18,8245,399,1004,749,1665,2623,1380,296,129,80,0,3,0,3,25,18,8,23,8245,0,0,80,0,0,0,0,0.016489703185342663,0.013331551338166995,0.02009044703245688,0.02358238090740216,0.02039866214179827,0.020409592430632284,0.01440501043841336,0.006158583525789068,0.003756770924340381,0.00015999712005183907,0.0,6.003121623244087e-05,0.0,3.675434620143832e-05,0.0001945252805054545,0.00018789144050104385,0.00016644820339970455,0.0006698118702312307,1.0,0.0,0.0,1.0,0.0,0.0,0.0,0.0,[1]
0.3653846153846154,499999,29931,49974,31762,81626,128520,95798,48061,34326,346570,163395,7215,21602,17164,32721,50426,26268,5541,2458,1359,10,46,10,95,397,326,170,305,120,0,0,0,2,6,26,21,65,0,0,0,0,0,0,0,0,0,0.6931413862827726,0.002718005436010872,0.0003341017673983495,0.0009204786488974266,0.00031484163465776715,0.0011638448533555486,0.00308901338313103,0.003402993799453016,0.003537171511204511,0.008885392996562373,0.00024000048000096,0.0,0.0,0.0,2.450199691274839e-05,4.668534080298786e-05,0.000271404413453308,0.000436944716089969,0.001893608343529686,0.0,0.0,0.0,0.0,0.0,0.0,0.0,0.0,0.0,0.04415679794363352,0.13220722788335015,0.10504605404082132,0.20025704580923528,0.30861409467853973,0.1607637932617277,0.03391168640411273,0.015043299978579516,0.007358351729212656,0.03384841795437822,0.007358351729212656,0.06990434142752024,0.29212656364974243,0.2398822663723326,0.12509197939661515,0.22442972774098602,0.0,0.0,0.0,0.016666666666666666,0.05,0.21666666666666667,0.175,0.5416666666666666,19,6946,343,865,642,1449,2034,1232,262,119,70,0,3,0,2,21,18,6,20,6946,0,0,70,0,0,0,0,0.013892055568222273,0.011460073504844638,0.017309000680353785,0.020213469349201853,0.017752131725962954,0.01582669996965382,0.012860259501664945,0.005451292081061962,0.0034663559568890185,0.00014000056000224002,0.0,6.003121623244087e-05,0.0,2.4502597275311183e-05,0.00016340250706132264,0.00018789340181003976,0.00012483874994798387,0.0005825808330905913,1.0,0.0,0.0,1.0,0.0,0.0,0.0,0.0,[1],0.3461538461538462,499999,29931,49974,31762,81626,128520,95798,48061,34326,346570,163395,7215,21602,17164,32721,50426,26268,5541,2458,1359,10,46,10,95,397,326,170,305,120,0,0,0,0,0,0,0,0,0,0.6931413862827726,0.002718005436010872,0.0003341017673983495,0.0009204786488974266,0.00031484163465776715,0.0011638448533555486,0.00308901338313103,0.003402993799453016,0.003537171511204511,0.008885392996562373,0.00024000048000096,0.0,0.0,0.0,0.0,0.0,0.0,0.0,0.0,0.0,0.04415679794363352,0.13220722788335015,0.10504605404082132,0.20025704580923528,0.30861409467853973,0.1607637932617277,0.03391168640411273,0.015043299978579516,19,6946,343,865,642,1449,2034,1232,262,119,70,0,3,0,2,21,18,6,20,6946,0,0,70,0,0,0,0,0.013892055568222273,0.011460073504844638,0.017309000680353785,0.020213469349201853,0.017752131725962954,0.01582669996965382,0.012860259501664945,0.005451292081061962,0.0034663559568890185,0.00014000056000224002,0.0,6.003121623244087e-05,0.0,2.4502597275311183e-05,0.00016340250706132264,0.00018789340181003976,0.00012483874994798387,0.0005825808330905913,1.0,0.0,0.0,1.0,0.0,0.0,0.0,0.0,[1]
0.38461538461538464,499995,29932,49974,31762,81626,128521,95798,48060,34320,343464,169540,7503,22367,17689,33927,52329,27334,5815,2576,1432,10,48,11,104,417,353,172,317,129,0,0,0,2,7,26,23,71,0,0,0,0,0,0,0,0,0,0.6869348693486935,0.0028640286402864027,0.0003340906053721769,0.0009604994597190539,0.00034632579812354385,0.0012741038394629162,0.0032446059398853104,0.0036848368441929893,0.0035788597586350395,0.009236596736596736,0.00025800258002580024,0.0,0.0,0.0,2.450199691274839e-05,5.446580714435773e-05,0.000271404413453308,0.00047856845609654596,0.0020687645687645687,0.0,0.0,0.0,0.0,0.0,0.0,0.0,0.0,0.0,0.0442550430576855,0.13192756871534742,0.10433526011560694,0.2001120679485667,0.30865282529196647,0.16122448979591836,0.034298690574495694,0.015194054500412882,0.006983240223463687,0.0335195530726257,0.007681564245810056,0.07262569832402235,0.29120111731843573,0.24650837988826815,0.12011173184357542,0.22136871508379888,0.0,0.0,0.0,0.015503875968992248,0.05426356589147287,0.20155038759689922,0.17829457364341086,0.5503875968992248,20,6145,288,765,525,1206,1903,1066,274,118,73,0,2,1,9,20,27,2,12,6145,0,0,73,0,0,0,0,0.01229002458004916,0.009622130901072466,0.015307960139272422,0.016529185819532773,0.014774704138387279,0.014807033924680984,0.011127580951585628,0.005701088200411976,0.0034376274544077375,0.000146000292000584,0.0,4.0020810821627246e-05,3.1484163465776714e-05,0.00011025898610736775,0.0001556178026766262,0.0002818430447399737,4.161378248475895e-05,0.0003495892326516343,1.0,0.0,0.0,1.0,0.0,0.0,0.0,0.0,[1],0.3653846153846154,499995,29932,49974,31762,81626,128521,95798,48060,34320,343464,169540,7503,22367,17689,33927,52329,27334,5815,2576,1432,10,48,11,104,417,353,172,317,129,0,0,0,0,0,0,0,0,0,0.6869348693486935,0.0028640286402864027,0.0003340906053721769,0.0009604994597190539,0.00034632579812354385,0.0012741038394629162,0.0032446059398853104,0.0036848368441929893,0.0035788597586350395,0.009236596736596736,0.00025800258002580024,0.0,0.0,0.0,0.0,0.0,0.0,0.0,0.0,0.0,0.0442550430576855,0.13192756871534742,0.10433526011560694,0.2001120679485667,0.30865282529196647,0.16122448979591836,0.034298690574495694,0.015194054500412882,20,6145,288,765,525,1206,1903,1066,274,118,73,0,2,1,9,20,27,2,12,6145,0,0,73,0,0,0,0,0.01229002458004916,0.009622130901072466,0.015307960139272422,0.016529185819532773,0.014774704138387279,0.014807033924680984,0.011127580951585628,0.005701088200411976,0.0034376274544077375,0.000146000292000584,0.0,4.0020810821627246e-05,3.1484163465776714e-05,0.00011025898610736775,0.0001556178026766262,0.0002818430447399737,4.161378248475895e-05,0.0003495892326516343,1.0,0.0,0.0,1.0,0.0,0.0,0.0,0.0,[1]
0.40384615384615385,499990,29932,49974,31762,81626,128521,95797,48060,34317,341432,174690,7752,22986,18155,34927,53870,28279,6034,2687,1474,11,49,11,107,420,363,182,331,133,0,0,0,2,7,27,23,74,0,0,0,0,0,0,0,0,0,0.6828776575531511,0.0029480589611792234,0.0003674996659093946,0.0009805098651298676,0.00034632579812354385,0.0013108568348320388,0.003267948428661464,0.0037892627117759427,0.0037869330004161464,0.00964536527085701,0.00026600532010640214,0.0,0.0,0.0,2.450199691274839e-05,5.446580714435773e-05,0.0002818459868263098,0.00047856845609654596,0.0021563656496780023,0.0,0.0,0.0,0.0,0.0,0.0,0.0,0.0,0.0,0.044375751330929074,0.1315816589386914,0.10392695632262866,0.19993703131261092,0.30837483542274885,0.16188104642509588,0.03454118724597859,0.015381533001316618,0.007462686567164179,0.03324287652645862,0.007462686567164179,0.07259158751696065,0.28493894165535955,0.2462686567164179,0.12347354138398914,0.22455902306648576,0.0,0.0,0.0,0.015037593984962405,0.05263157894736842,0.20300751879699247,0.17293233082706766,0.556390977443609,21,5150,249,619,466,1000,1541,945,219,111,42,1,1,0,3,3,10,10,14,5150,0,0,42,0,0,0,0,0.01030010300103001,0.008318856073767205,0.012386440949293632,0.014671620175051948,0.012250998456374194,0.011990258401350751,0.00986450656589908,0.004556803995006242,0.003234265734265734,8.400084000840009e-05,3.340906053721769e-05,2.0010405410813623e-05,0.0,3.6752995369122584e-05,2.3342488776153314e-05,0.00010438631286665693,0.00020807324178110696,0.0004079254079254079,1.0,0.0,0.0,1.0,0.0,0.0,0.0,0.0,[1],0.38461538461538464,499990,29932,49974,31762,81626,128521,95797,48060,34317,341432,174690,7752,22986,18155,34927,53870,28279,6034,2687,1474,11,49,11,107,420,363,182,331,133,0,0,0,0,0,0,0,0,0,0.6828776575531511,0.0029480589611792234,0.0003674996659093946,0.0009805098651298676,0.00034632579812354385,0.0013108568348320388,0.003267948428661464,0.0037892627117759427,0.0037869330004161464,0.00964536527085701,0.00026600532010640214,0.0,0.0,0.0,0.0,0.0,0.0,0.0,0.0,0.0,0.044375751330929074,0.1315816589386914,0.10392695632262866,0.19993703131261092,0.30837483542274885,0.16188104642509588,0.03454118724597859,0.015381533001316618,21,5150,249,619,466,1000,1541,945,219,111,42,1,1,0,3,3,10,10,14,5150,0,0,42,0,0,0,0,0.01030010300103001,0.008318856073767205,0.012386440949293632,0.014671620175051948,0.012250998456374194,0.011990258401350751,0.00986450656589908,0.004556803995006242,0.003234265734265734,8.400084000840009e-05,3.340906053721769e-05,2.0010405410813623e-05,0.0,3.6752995369122584e-05,2.3342488776153314e-05,0.00010438631286665693,0.00020807324178110696,0.0004079254079254079,1.0,0.0,0.0,1.0,0.0,0.0,0.0,0.0,[1]
0.42307692307692313,499990,29932,49974,31762,81626,128524,95798,48060,34314,328592,183054,8190,24017,18917,36521,56413,29796,6353,2847,1538,12,52,13,110,438,374,194,345,139,0,0,0,2,7,28,24,78,0,0,0,0,0,0,0,0,0,0.6571971439428789,0.0030760615212304244,0.00040090872644661234,0.0010405410813623085,0.0004092941250550973,0.0013476098302011613,0.0034079238118950544,0.003904048101212969,0.004036620890553475,0.010054205280643469,0.0002780055601112022,0.0,0.0,0.0,2.450199691274839e-05,5.446453580654197e-05,0.0002922816760266394,0.0004993757802746567,0.00227312467214548,0.0,0.0,0.0,0.0,0.0,0.0,0.0,0.0,0.0,0.04474089612901111,0.13120172189627105,0.10334109060714325,0.19950943437455615,0.308176822139915,0.162771641155069,0.034705605996044886,0.015552787701989576,0.007802340702210663,0.033810143042912875,0.008452535760728219,0.07152145643693109,0.2847854356306892,0.24317295188556567,0.12613784135240572,0.22431729518855656,0.0,0.0,0.0,0.014388489208633094,0.050359712230215826,0.2014388489208633,0.17266187050359713,0.5611510791366906,22,8364,438,1031,762,1594,2543,1517,319,160,64,1,3,2,3,18,11,12,14,8364,0,0,64,0,0,0,0,0.016728334566691334,0.01463316851530135,0.020630727978548844,0.023990932560921857,0.019528091539460467,0.019786649652585957,0.01583556896353748,0.006637536412817312,0.004662412215520005,0.00012800256005120102,3.340906053721769e-05,6.003121623244087e-05,6.296832693155343e-05,3.6752995369122584e-05,0.00014005493265691987,0.00011482614278108917,0.00024968789013732833,0.0004079610688580004,1.0,0.0,0.0,1.0,0.0,0.0,0.0,0.0,[0],0.40384615384615385,499990,29932,49974,31762,81626,128524,95798,48060,34314,328592,183054,8190,24017,18917,36521,56413,29796,6353,2847,1538,12,52,13,110,438,374,194,345,139,0,0,0,0,0,0,0,0,0,0.6571971439428789,0.0030760615212304244,0.00040090872644661234,0.0010405410813623085,0.0004092941250550973,0.0013476098302011613,0.0034079238118950544,0.003904048101212969,0.004036620890553475,0.010054205280643469,0.0002780055601112022,0.0,0.0,0.0,0.0,0.0,0.0,0.0,0.0,0.0,0.04474089612901111,0.13120172189627105,0.10334109060714325,0.19950943437455615,0.308176822139915,0.162771641155069,0.034705605996044886,0.015552787701989576,22,8364,438,1031,762,1594,2543,1517,319,160,64,1,3,2,3,18,11,12,14,8364,0,0,64,0,0,0,0,0.016728334566691334,0.01463316851530135,0.020630727978548844,0.023990932560921857,0.019528091539460467,0.019786649652585957,0.01583556896353748,0.006637536412817312,0.004662412215520005,0.00012800256005120102,3.340906053721769e-05,6.003121623244087e-05,6.296832693155343e-05,3.6752995369122584e-05,0.00014005493265691987,0.00011482614278108917,0.00024968789013732833,0.0004079610688580004,1.0,0.0,0.0,1.0,0.0,0.0,0.0,0.0,[0]
0.44230769230769235,499984,29932,49974,31763,81626,128524,95795,48060,34309,323965,193731,8755,25360,19773,38666,59697,31648,6774,3058,1641,15,54,13,117,462,405,206,369,149,0,0,0,2,8,31,25,83,0,0,0,0,0,0,0,0,0,0.6479507344235016,0.0032821050273608757,0.0005011359080582654,0.0010805618921839357,0.00040928123917765956,0.0014333668193957808,0.00359465936323177,0.004227778067748838,0.004286308780690803,0.010755195429770614,0.00029800953630516175,0.0,0.0,0.0,2.450199691274839e-05,6.224518377890511e-05,0.0003236077039511457,0.0005201831044527674,0.0024191902999213034,0.0,0.0,0.0,0.0,0.0,0.0,0.0,0.0,0.0,0.04519152845956507,0.1309031595356448,0.102064202425012,0.19958602391976504,0.3081437663564427,0.16336053600094977,0.03496600956997073,0.01578477373264991,0.009140767824497258,0.03290676416819013,0.007921998781230956,0.0712979890310786,0.28153564899451555,0.24680073126142596,0.125533211456429,0.22486288848263253,0.0,0.0,0.0,0.013422818791946308,0.053691275167785234,0.2080536912751678,0.16778523489932887,0.5570469798657718,23,10677,565,1343,856,2145,3284,1852,421,211,103,3,2,0,7,24,31,12,24,10677,0,0,103,0,0,0,0,0.02135442708854177,0.018876119203527997,0.026873974466722697,0.026950443926704867,0.026278391688922646,0.025551647941240548,0.019332345142904862,0.008759883478984603,0.006149093664393542,0.00020600412008240165,0.00010022718161165309,4.0020810821627246e-05,0.0,8.575698919461936e-05,0.00018673555133671532,0.0003235975698866365,0.00024968789013732833,0.000699422976044763,1.0,0.0,0.0,1.0,0.0,0.0,0.0,0.0,[1],0.42307692307692313,499984,29932,49974,31763,81626,128524,95795,48060,34309,323965,193731,8755,25360,19773,38666,59697,31648,6774,3058,1641,15,54,13,117,462,405,206,369,149,0,0,0,0,0,0,0,0,0,0.6479507344235016,0.0032821050273608757,0.0005011359080582654,0.0010805618921839357,0.00040928123917765956,0.0014333668193957808,0.00359465936323177,0.004227778067748838,0.004286308780690803,0.010755195429770614,0.00029800953630516175,0.0,0.0,0.0,0.0,0.0,0.0,0.0,0.0,0.0,0.04519152845956507,0.1309031595356448,0.102064202425012,0.19958602391976504,0.3081437663564427,0.16336053600094977,0.03496600956997073,0.01578477373264991,23,10677,565,1343,856,2145,3284,1852,421,211,103,3,2,0,7,24,31,12,24,10677,0,0,103,0,0,0,0,0.02135442708854177,0.018876119203527997,0.026873974466722697,0.026950443926704867,0.026278391688922646,0.025551647941240548,0.019332345142904862,0.008759883478984603,0.006149093664393542,0.00020600412008240165,0.00010022718161165309,4.0020810821627246e-05,0.0,8.575698919461936e-05,0.00018673555133671532,0.0003235975698866365,0.00024968789013732833,0.000699422976044763,1.0,0.0,0.0,1.0,0.0,0.0,0.0,0.0,[1]
0.46153846153846156,499974,29932,49974,31763,81626,128524,95794,48057,34304,319941,201606,9155,26274,20417,40296,62121,33032,7110,3201,1725,15,55,14,120,489,424,218,390,158,0,0,0,2,8,32,28,88,0,0,0,0,0,0,0,0,0,0.6399152755943309,0.003450179409329285,0.0005011359080582654,0.0011005722975947494,0.0004407644114220949,0.0014701198147649033,0.0038047368584855747,0.004426164477942251,0.00453627983436336,0.01136893656716418,0.00031601643285450844,0.0,0.0,0.0,2.450199691274839e-05,6.224518377890511e-05,0.00033405014927866047,0.0005826414466154774,0.0025652985074626866,0.0,0.0,0.0,0.0,0.0,0.0,0.0,0.0,0.0,0.04541035485055008,0.13032350227671796,0.10127178754600558,0.19987500372012737,0.3081307103955239,0.16384433002986024,0.03526680753549002,0.01587750364572483,0.008695652173913044,0.03188405797101449,0.008115942028985508,0.06956521739130435,0.28347826086956524,0.24579710144927536,0.1263768115942029,0.22608695652173913,0.0,0.0,0.0,0.012658227848101266,0.05063291139240506,0.20253164556962025,0.17721518987341772,0.5569620253164557,24,7875,400,914,644,1630,2424,1384,336,143,84,0,1,1,3,27,19,12,21,7875,0,0,84,0,0,0,0,0.015750504016128517,0.013363624214887078,0.018289510545483653,0.020275162925416364,0.019969127483889938,0.018860290685008246,0.014447518137689859,0.006991260923845194,0.004168002564924655,0.00016800537617203752,0.0,2.0010405410813623e-05,3.148317224443535e-05,3.6752995369122584e-05,0.00021007749525380474,0.00019834020564747637,0.00024968789013732833,0.0006120842927511732,1.0,0.0,0.0,1.0,0.0,0.0,0.0,0.0,[1],0.44230769230769235,499974,29932,49974,31763,81626,128524,95794,48057,34304,319941,201606,9155,26274,20417,40296,62121,33032,7110,3201,1725,15,55,14,120,489,424,218,390,158,0,0,0,0,0,0,0,0,0,0.6399152755943309,0.003450179409329285,0.0005011359080582654,0.0011005722975947494,0.0004407644114220949,0.0014701198147649033,0.0038047368584855747,0.004426164477942251,0.00453627983436336,0.01136893656716418,0.00031601643285450844,0.0,0.0,0.0,0.0,0.0,0.0,0.0,0.0,0.0,0.04541035485055008,0.13032350227671796,0.10127178754600558,0.19987500372012737,0.3081307103955239,0.16384433002986024,0.03526680753549002,0.01587750364572483,24,7875,400,914,644,1630,2424,1384,336,143,84,0,1,1,3,27,19,12,21,7875,0,0,84,0,0,0,0,0.015750504016128517,0.013363624214887078,0.018289510545483653,0.020275162925416364,0.019969127483889938,0.018860290685008246,0.014447518137689859,0.006991260923845194,0.004168002564924655,0.00016800537617203752,0.0,2.0010405410813623e-05,3.148317224443535e-05,3.6752995369122584e-05,0.00021007749525380474,0.00019834020564747637,0.00024968789013732833,0.0006120842927511732,1.0,0.0,0.0,1.0,0.0,0.0,0.0,0.0,[1]
0.4807692307692308,499974,29932,49975,31764,81626,128524,95794,48058,34301,317393,208071,9500,27036,20989,41556,64110,34137,7404,3339,1803,15,58,15,125,504,441,231,414,164,0,0,0,3,8,33,29,91,0,0,0,0,0,0,0,0,0,0.6348190105885506,0.003606187521751131,0.0005011359080582654,0.0011605802901450725,0.0004722327162825841,0.0015313748070467743,0.003921446578071022,0.004603628619746539,0.004806691913937326,0.01206961896154631,0.00032801705688695814,0.0,0.0,0.0,3.6752995369122584e-05,6.224518377890511e-05,0.0003444892164436186,0.0006034375130051188,0.002652983878021049,0.0,0.0,0.0,0.0,0.0,0.0,0.0,0.0,0.0,0.04565749191381788,0.1299364159349453,0.10087422081885511,0.19972028778638062,0.3081159796415647,0.16406418962757904,0.03558400738209554,0.016047406894761883,0.008319467554076539,0.03216860787576262,0.008319467554076539,0.06932889628397115,0.2795341098169717,0.24459234608985025,0.1281198003327787,0.22961730449251247,0.0,0.0,0.0,0.018292682926829267,0.04878048780487805,0.20121951219512196,0.17682926829268292,0.5548780487804879,25,6465,345,762,572,1260,1989,1105,294,138,78,0,3,1,5,15,17,13,24,6465,0,0,78,0,0,0,0,0.012930672394964537,0.011526125885340105,0.01524792892303998,0.018008374523817018,0.015436258055031486,0.015475708817030281,0.011535169217278743,0.006117735189462513,0.004022854477611941,0.00015600811242184594,0.0,6.003121623244087e-05,3.148317224443535e-05,6.125499228187098e-05,0.00011670971958544708,0.00017746414180428837,0.0002705121002143288,0.0006996268656716418,1.0,0.0,0.0,1.0,0.0,0.0,0.0,0.0,[1],0.46153846153846156,499974,29932,49975,31764,81626,128524,95794,48058,34301,317393,208071,9500,27036,20989,41556,64110,34137,7404,3339,1803,15,58,15,125,504,441,231,414,164,0,0,0,0,0,0,0,0,0,0.6348190105885506,0.003606187521751131,0.0005011359080582654,0.0011605802901450725,0.0004722327162825841,0.0015313748070467743,0.003921446578071022,0.004603628619746539,0.004806691913937326,0.01206961896154631,0.00032801705688695814,0.0,0.0,0.0,0.0,0.0,0.0,0.0,0.0,0.0,0.04565749191381788,0.1299364159349453,0.10087422081885511,0.19972028778638062,0.3081159796415647,0.16406418962757904,0.03558400738209554,0.016047406894761883,25,6465,345,762,572,1260,1989,1105,294,138,78,0,3,1,5,15,17,13,24,6465,0,0,78,0,0,0,0,0.012930672394964537,0.011526125885340105,0.01524792892303998,0.018008374523817018,0.015436258055031486,0.015475708817030281,0.011535169217278743,0.006117735189462513,0.004022854477611941,0.00015600811242184594,0.0,6.003121623244087e-05,3.148317224443535e-05,6.125499228187098e-05,0.00011670971958544708,0.00017746414180428837,0.0002705121002143288,0.0006996268656716418,1.0,0.0,0.0,1.0,0.0,0.0,0.0,0.0,[1]
0.5,499967,29932,49975,31764,81626,128525,95795,48054,34294,315928,213256,9751,27696,21407,42566,65692,35072,7617,3455,1863,15,63,16,129,518,454,239,429,176,0,0,0,3,8,34,33,98,0,0,0,0,0,0,0,0,0,0.6318977052485464,0.003726245932231527,0.0005011359080582654,0.0012606303151575789,0.0005037148973680896,0.0015803788008722712,0.00403034429099397,0.004739287019155488,0.004973571398842969,0.012509476876421531,0.00035202323353341323,0.0,0.0,0.0,3.6752995369122584e-05,6.224469947481034e-05,0.000354924578527063,0.0006867274316394057,0.002857642736338718,0.0,0.0,0.0,0.0,0.0,0.0,0.0,0.0,0.0,0.045724387590501556,0.12987207862850284,0.10038170086656413,0.1996004801740631,0.3080429155568894,0.1644596166110215,0.03571763514273924,0.01620118542971827,0.008051529790660225,0.033816425120772944,0.008588298443370907,0.06924315619967794,0.27804616210413313,0.2436929683306495,0.1282877079978529,0.23027375201288244,0.0,0.0,0.0,0.017045454545454544,0.045454545454545456,0.19318181818181818,0.1875,0.5568181818181818,26,5185,251,660,418,1010,1582,935,213,116,60,0,5,1,4,14,13,8,15,5185,0,0,60,0,0,0,0,0.010370539268041937,0.00838567419484164,0.013206603301650825,0.013159551693741342,0.012373508440937937,0.012308985092278485,0.00976052779923586,0.00443214449207208,0.0033818256027521062,0.00012000624032449688,0.0,0.00010005002501250626,3.14821810855056e-05,4.900399382549678e-05,0.00010892907161308394,0.00013570787314445582,0.00016646552082899828,0.00043730503483863445,1.0,0.0,0.0,1.0,0.0,0.0,0.0,0.0,[1],0.4807692307692308,499967,29932,49975,31764,81626,128525,95795,48054,34294,315928,213256,9751,27696,21407,42566,65692,35072,7617,3455,1863,15,63,16,129,518,454,239,429,176,0,0,0,0,0,0,0,0,0,0.6318977052485464,0.003726245932231527,0.0005011359080582654,0.0012606303151575789,0.0005037148973680896,0.0015803788008722712,0.00403034429099397,0.004739287019155488,0.004973571398842969,0.012509476876421531,0.00035202323353341323,0.0,0.0,0.0,0.0,0.0,0.0,0.0,0.0,0.0,0.045724387590501556,0.12987207862850284,0.10038170086656413,0.1996004801740631,0.3080429155568894,0.1644596166110215,0.03571763514273924,0.01620118542971827,26,5185,251,660,418,1010,1582,935,213,116,60,0,5,1,4,14,13,8,15,5185,0,0,60,0,0,0,0,0.010370539268041937,0.00838567419484164,0.013206603301650825,0.013159551693741342,0.012373508440937937,0.012308985092278485,0.00976052779923586,0.00443214449207208,0.0033818256027521062,0.00012000624032449688,0.0,0.00010005002501250626,3.14821810855056e-05,4.900399382549678e-05,0.00010892907161308394,0.00013570787314445582,0.00016646552082899828,0.00043730503483863445,1.0,0.0,0.0,1.0,0.0,0.0,0.0,0.0,[1]
0.5192307692307693,499961,29933,49975,31765,81626,128527,95792,48054,34289,305420,220906,10173,28637,22011,44103,68018,36402,7947,3615,1917,15,63,16,131,531,474,247,440,186,0,0,0,3,9,38,33,103,0,0,0,0,0,0,0,0,0,0.6108876492366404,0.0038342990753278757,0.0005011191661377075,0.0012606303151575789,0.0005036990398237053,0.0016048807977850194,0.004131427637772608,0.004948221145815935,0.005140050776210097,0.012832103590072618,0.00037202901826342453,0.0,0.0,0.0,3.6752995369122584e-05,7.002419725038319e-05,0.00039669283447469516,0.0006867274316394057,0.0030038787949488175,0.0,0.0,0.0,0.0,0.0,0.0,0.0,0.0,0.0,0.04605126162259061,0.1296343241016541,0.09963966574017909,0.1996460032774121,0.30790471965451366,0.16478502168343095,0.03597457742207093,0.016364426498148534,0.00782472613458529,0.03286384976525822,0.008346374543557642,0.0683359415753782,0.27699530516431925,0.24726134585289514,0.1288471570161711,0.22952529994783516,0.0,0.0,0.0,0.016129032258064516,0.04838709677419355,0.20430107526881722,0.1774193548387097,0.553763440860215,27,7650,422,941,604,1537,2326,1330,330,160,54,0,0,0,2,13,20,8,11,7650,0,0,54,0,0,0,0,0.0153010098666512,0.014098623546705867,0.01882941470735368,0.019015237375645384,0.018829784627447138,0.01809764637230111,0.013883814395323347,0.006867274316394056,0.004665539161369336,0.00010800712847047906,0.0,0.0,0.0,2.450199691274839e-05,0.00010114763664656682,0.00020877916383944882,0.00016647937736712865,0.00032075581734414185,1.0,0.0,0.0,1.0,0.0,0.0,0.0,0.0,[0],0.5,499961,29933,49975,31765,81626,128527,95792,48054,34289,305420,220906,10173,28637,22011,44103,68018,36402,7947,3615,1917,15,63,16,131,531,474,247,440,186,0,0,0,0,0,0,0,0,0,0.6108876492366404,0.0038342990753278757,0.0005011191661377075,0.0012606303151575789,0.0005036990398237053,0.0016048807977850194,0.004131427637772608,0.004948221145815935,0.005140050776210097,0.012832103590072618,0.00037202901826342453,0.0,0.0,0.0,0.0,0.0,0.0,0.0,0.0,0.0,0.04605126162259061,0.1296343241016541,0.09963966574017909,0.1996460032774121,0.30790471965451366,0.16478502168343095,0.03597457742207093,0.016364426498148534,27,7650,422,941,604,1537,2326,1330,330,160,54,0,0,0,2,13,20,8,11,7650,0,0,54,0,0,0,0,0.0153010098666512,0.014098623546705867,0.01882941470735368,0.019015237375645384,0.018829784627447138,0.01809764637230111,0.013883814395323347,0.006867274316394056,0.004665539161369336,0.00010800712847047906,0.0,0.0,0.0,2.450199691274839e-05,0.00010114763664656682,0.00020877916383944882,0.00016647937736712865,0.00032075581734414185,1.0,0.0,0.0,1.0,0.0,0.0,0.0,0.0,[0]
0.5384615384615385,499963,29933,49976,31766,81626,128527,95791,48054,34289,302490,229966,10666,29738,22729,45854,70767,38032,8359,3821,1999,15,64,16,134,554,497,257,462,188,0,0,0,3,9,39,33,104,0,0,0,0,0,0,0,0,0,0.6050247718331156,0.003998295873894668,0.0005011191661377075,0.0012806146950536258,0.0005036831832777183,0.001641633793154142,0.004310378364079143,0.005188378866490589,0.005348149997919008,0.013473708769576249,0.00037602782605912835,0.0,0.0,0.0,3.6752995369122584e-05,7.002419725038319e-05,0.00040713636980509654,0.0006867274316394057,0.003033042666744437,0.0,0.0,0.0,0.0,0.0,0.0,0.0,0.0,0.0,0.04638076933111851,0.1293147682700921,0.09883634972126314,0.19939469312854943,0.3077280989363645,0.1653809693606881,0.03634885156936243,0.01661549968256177,0.007503751875937969,0.032016008004002,0.0080040020010005,0.0670335167583792,0.2771385692846423,0.24862431215607803,0.12856428214107055,0.23111555777888945,0.0,0.0,0.0,0.015957446808510637,0.047872340425531915,0.2074468085106383,0.17553191489361702,0.5531914893617021,28,9060,493,1101,718,1751,2749,1630,412,206,82,0,1,0,3,23,23,10,22,9060,0,0,82,0,0,0,0,0.018121413470250678,0.01647011659372599,0.022031015507753878,0.022603494412088778,0.021451498297111214,0.021388502026811487,0.017016034741940873,0.008573687934407125,0.006007757589897635,0.00016401279299785383,0.0,2.001000500250125e-05,0.0,3.6752995369122584e-05,0.0001789507263065348,0.00024010355770836812,0.0002080992217089108,0.0006416051795036309,1.0,0.0,0.0,1.0,0.0,0.0,0.0,0.0,[1],0.5192307692307693,499963,29933,49976,31766,81626,128527,95791,48054,34289,302490,229966,10666,29738,22729,45854,70767,38032,8359,3821,1999,15,64,16,134,554,497,257,462,188,0,0,0,0,0,0,0,0,0,0.6050247718331156,0.003998295873894668,0.0005011191661377075,0.0012806146950536258,0.0005036831832777183,0.001641633793154142,0.004310378364079143,0.005188378866490589,0.005348149997919008,0.013473708769576249,0.00037602782605912835,0.0,0.0,0.0,0.0,0.0,0.0,0.0,0.0,0.0,0.04638076933111851,0.1293147682700921,0.09883634972126314,0.19939469312854943,0.3077280989363645,0.1653809693606881,0.03634885156936243,0.01661549968256177,28,9060,493,1101,718,1751,2749,1630,412,206,82,0,1,0,3,23,23,10,22,9060,0,0,82,0,0,0,0,0.018121413470250678,0.01647011659372599,0.022031015507753878,0.022603494412088778,0.021451498297111214,0.021388502026811487,0.017016034741940873,0.008573687934407125,0.006007757589897635,0.00016401279299785383,0.0,2.001000500250125e-05,0.0,3.6752995369122584e-05,0.0001789507263065348,0.00024010355770836812,0.0002080992217089108,0.0006416051795036309,1.0,0.0,0.0,1.0,0.0,0.0,0.0,0.0,[1]
0.5576923076923077,499958,29933,49976,31766,81628,128527,95789,48053,34285,300399,236267,11002,30486,23244,47056,72698,39144,8667,3970,2072,15,65,16,139,572,512,269,484,197,0,0,0,3,9,42,35,108,0,0,0,0,0,0,0,0,0,0.6008484712715868,0.00414434812524252,0.0005011191661377075,0.0013006242996638387,0.0005036831832777183,0.0017028470622825502,0.004450426758579909,0.005345081376776039,0.005597985557613468,0.014116960770016042,0.00039403309878029754,0.0,0.0,0.0,3.675209486940755e-05,7.002419725038319e-05,0.00043846370668865946,0.0007283624331467338,0.003150065626367216,0.0,0.0,0.0,0.0,0.0,0.0,0.0,0.0,0.0,0.04656596139113799,0.12903198500002117,0.09838022237553276,0.1991645045647509,0.30769426115369475,0.16567696716003505,0.036683074657061714,0.016803023697765665,0.00723938223938224,0.03137065637065637,0.007722007722007722,0.06708494208494209,0.27606177606177607,0.2471042471042471,0.12982625482625482,0.2335907335907336,0.0,0.0,0.0,0.015228426395939087,0.04568527918781726,0.2131979695431472,0.17766497461928935,0.5482233502538071,29,6301,336,748,515,1202,1931,1112,308,149,73,0,1,0,5,18,15,12,22,6301,0,0,73,0,0,0,0,0.01260293261701366,0.011225069321484649,0.014967184248439252,0.01621230246175156,0.014725700144561782,0.015024080543387771,0.011608606236494033,0.006409456028634453,0.004345416897547318,0.00014601080479955517,0.0,2.0009604610212903e-05,0.0,6.125499228187098e-05,0.00014004839450076638,0.00015659091146349866,0.000249719066050693,0.0006416051795036309,1.0,0.0,0.0,1.0,0.0,0.0,0.0,0.0,[1],0.5384615384615385,499958,29933,49976,31766,81628,128527,95789,48053,34285,300399,236267,11002,30486,23244,47056,72698,39144,8667,3970,2072,15,65,16,139,572,512,269,484,197,0,0,0,0,0,0,0,0,0,0.6008484712715868,0.00414434812524252,0.0005011191661377075,0.0013006242996638387,0.0005036831832777183,0.0017028470622825502,0.004450426758579909,0.005345081376776039,0.005597985557613468,0.014116960770016042,0.00039403309878029754,0.0,0.0,0.0,0.0,0.0,0.0,0.0,0.0,0.0,0.04656596139113799,0.12903198500002117,0.09838022237553276,0.1991645045647509,0.30769426115369475,0.16567696716003505,0.036683074657061714,0.016803023697765665,29,6301,336,748,515,1202,1931,1112,308,149,73,0,1,0,5,18,15,12,22,6301,0,0,73,0,0,0,0,0.01260293261701366,0.011225069321484649,0.014967184248439252,0.01621230246175156,0.014725700144561782,0.015024080543387771,0.011608606236494033,0.006409456028634453,0.004345416897547318,0.00014601080479955517,0.0,2.0009604610212903e-05,0.0,6.125499228187098e-05,0.00014004839450076638,0.00015659091146349866,0.000249719066050693,0.0006416051795036309,1.0,0.0,0.0,1.0,0.0,0.0,0.0,0.0,[1]
0.576923076923077,499951,29933,49977,31766,81627,128527,95789,48051,34280,299657,241304,11283,31104,23625,48028,74224,40029,8920,4091,2142,15,66,16,146,583,538,277,501,207,0,0,0,4,10,43,37,113,0,0,0,0,0,0,0,0,0,0.5993727385283758,0.004284419873147568,0.0005011191661377075,0.0013206074794405427,0.0005036831832777183,0.0017886238622024575,0.0045360118885526,0.005616511290440447,0.005764708330731931,0.014614935822637107,0.0004140405759764457,0.0,0.0,0.0,4.9003393484998834e-05,7.780466361153687e-05,0.00044890331875267514,0.0007700151921916298,0.003296382730455076,0.0,0.0,0.0,0.0,0.0,0.0,0.0,0.0,0.0,0.04675844577793986,0.12889964526074993,0.09790554653051751,0.19903524185260088,0.3075953983357093,0.16588618506116765,0.03696581904982926,0.016953718131485596,0.0070028011204481795,0.03081232492997199,0.007469654528478058,0.06816059757236227,0.2721755368814192,0.2511671335200747,0.1293183940242764,0.2338935574229692,0.0,0.0,0.0,0.01932367149758454,0.04830917874396135,0.20772946859903382,0.178743961352657,0.5458937198067633,30,5037,281,618,381,972,1526,885,253,121,70,0,1,0,7,11,26,8,17,5037,0,0,70,0,0,0,0,0.010074846287088116,0.00938763237897972,0.012365935649111573,0.011993955801800668,0.011907678737688047,0.011872991667120527,0.009239056676653895,0.0052650198738892475,0.0035292401925040105,0.00014001176098792298,0.0,2.0009604610212903e-05,0.0,8.575488802861763e-05,8.558512997269056e-05,0.00027142991366440824,0.0001664828418621106,0.0004958436634096544,1.0,0.0,0.0,1.0,0.0,0.0,0.0,0.0,[1],0.5576923076923077,499951,29933,49977,31766,81627,128527,95789,48051,34280,299657,241304,11283,31104,23625,48028,74224,40029,8920,4091,2142,15,66,16,146,583,538,277,501,207,0,0,0,0,0,0,0,0,0,0.5993727385283758,0.004284419873147568,0.0005011191661377075,0.0013206074794405427,0.0005036831832777183,0.0017886238622024575,0.0045360118885526,0.005616511290440447,0.005764708330731931,0.014614935822637107,0.0004140405759764457,0.0,0.0,0.0,0.0,0.0,0.0,0.0,0.0,0.0,0.04675844577793986,0.12889964526074993,0.09790554653051751,0.19903524185260088,0.3075953983357093,0.16588618506116765,0.03696581904982926,0.016953718131485596,30,5037,281,618,381,972,1526,885,253,121,70,0,1,0,7,11,26,8,17,5037,0,0,70,0,0,0,0,0.010074846287088116,0.00938763237897972,0.012365935649111573,0.011993955801800668,0.011907678737688047,0.011872991667120527,0.009239056676653895,0.0052650198738892475,0.0035292401925040105,0.00014001176098792298,0.0,2.0009604610212903e-05,0.0,8.575488802861763e-05,8.558512997269056e-05,0.00027142991366440824,0.0001664828418621106,0.0004958436634096544,1.0,0.0,0.0,1.0,0.0,0.0,0.0,0.0,[1]
0.5961538461538461,499943,29933,49978,31766,81627,128527,95788,48050,34273,299729,245028,11488,31547,23907,48757,75361,40724,9080,4164,2187,15,69,17,147,594,553,279,513,218,0,0,0,4,10,45,38,121,0,0,0,0,0,0,0,0,0,0.5995263460034443,0.004374498692850985,0.0005011191661377075,0.0013806074672856057,0.0005351633822325757,0.0018008747105737071,0.0046215970185252905,0.0057731657410114,0.005806451612903226,0.014968050652116826,0.00043604970966690205,0.0,0.0,0.0,4.9003393484998834e-05,7.780466361153687e-05,0.0004697874472794087,0.0007908428720083246,0.0035304758848072825,0.0,0.0,0.0,0.0,0.0,0.0,0.0,0.0,0.0,0.04688443769691627,0.1287485511859869,0.09756844115774524,0.19898542207421194,0.3075607685652252,0.1662014137159835,0.03705698940529246,0.016993976198638523,0.006858710562414266,0.03155006858710562,0.007773205304069501,0.06721536351165981,0.2716049382716049,0.2528577960676726,0.12757201646090535,0.2345679012345679,0.0,0.0,0.0,0.01834862385321101,0.045871559633027525,0.20642201834862386,0.1743119266055046,0.555045871559633,31,3724,205,443,282,729,1137,695,160,73,45,0,3,1,1,11,15,2,12,3724,0,0,45,0,0,0,0,0.007448729975537602,0.006848628603882003,0.008864077475638794,0.008877416105269785,0.008930868462641038,0.008846390252631743,0.007255530384490913,0.003329795425693534,0.0021295215869311553,9.000882086444472e-05,0.0,6.002761270184285e-05,3.1480198954857394e-05,1.2250848371249709e-05,8.558512997269056e-05,0.0001565941809602355,4.1622442821169174e-05,0.0003500583430571762,1.0,0.0,0.0,1.0,0.0,0.0,0.0,0.0,[1],0.576923076923077,499943,29933,49978,31766,81627,128527,95788,48050,34273,299729,245028,11488,31547,23907,48757,75361,40724,9080,4164,2187,15,69,17,147,594,553,279,513,218,0,0,0,0,0,0,0,0,0,0.5995263460034443,0.004374498692850985,0.0005011191661377075,0.0013806074672856057,0.0005351633822325757,0.0018008747105737071,0.0046215970185252905,0.0057731657410114,0.005806451612903226,0.014968050652116826,0.00043604970966690205,0.0,0.0,0.0,0.0,0.0,0.0,0.0,0.0,0.0,0.04688443769691627,0.1287485511859869,0.09756844115774524,0.19898542207421194,0.3075607685652252,0.1662014137159835,0.03705698940529246,0.016993976198638523,31,3724,205,443,282,729,1137,695,160,73,45,0,3,1,1,11,15,2,12,3724,0,0,45,0,0,0,0,0.007448729975537602,0.006848628603882003,0.008864077475638794,0.008877416105269785,0.008930868462641038,0.008846390252631743,0.007255530384490913,0.003329795425693534,0.0021295215869311553,9.000882086444472e-05,0.0,6.002761270184285e-05,3.1480198954857394e-05,1.2250848371249709e-05,8.558512997269056e-05,0.0001565941809602355,4.1622442821169174e-05,0.0003500583430571762,1.0,0.0,0.0,1.0,0.0,0.0,0.0,0.0,[1]
0.6153846153846154,499945,29933,49978,31767,81630,128528,95789,48051,34269,293517,250395,11813,32123,24307,49804,77007,41723,9335,4283,2228,15,71,17,148,606,559,283,529,223,0,0,0,4,10,46,38,125,0,0,0,0,0,0,0,0,0,0.5870985808438929,0.004456490213923531,0.0005011191661377075,0.0014206250750330145,0.0005351465357131615,0.0018130589244150434,0.004714925930536537,0.005835743143784777,0.005889575659195438,0.015436692054043013,0.0004460490653971937,0.0,0.0,0.0,4.900159255175793e-05,7.780405825967882e-05,0.00048022215494472224,0.0007908264136022143,0.0036476115439610145,0.0,0.0,0.0,0.0,0.0,0.0,0.0,0.0,0.0,0.04717745961381018,0.12828930290141577,0.0970746220970866,0.1989017352582919,0.3075420835080573,0.1666287266119531,0.03728109586852773,0.017104974140857446,0.006732495511669659,0.031867145421903054,0.00763016157989228,0.06642728904847396,0.2719928186714542,0.2508976660682226,0.1270197486535009,0.2374326750448833,0.0,0.0,0.0,0.017937219730941704,0.04484304932735426,0.2062780269058296,0.17040358744394618,0.5605381165919282,32,5367,325,576,400,1047,1646,999,255,119,41,0,2,0,1,12,6,4,16,5367,0,0,41,0,0,0,0,0.010735223815514968,0.010857581932983664,0.011525071031253751,0.012592079581942958,0.012826638244698445,0.012806647630458969,0.010429281329602873,0.005306971904266389,0.003472120911504683,8.20093490657935e-05,0.0,4.001760774740886e-05,0.0,1.2250848371249709e-05,9.336559633384426e-05,6.263832630392116e-05,8.324661810613944e-05,0.0004668397864207977,1.0,0.0,0.0,1.0,0.0,0.0,0.0,0.0,[0],0.5961538461538461,499945,29933,49978,31767,81630,128528,95789,48051,34269,293517,250395,11813,32123,24307,49804,77007,41723,9335,4283,2228,15,71,17,148,606,559,283,529,223,0,0,0,0,0,0,0,0,0,0.5870985808438929,0.004456490213923531,0.0005011191661377075,0.0014206250750330145,0.0005351465357131615,0.0018130589244150434,0.004714925930536537,0.005835743143784777,0.005889575659195438,0.015436692054043013,0.0004460490653971937,0.0,0.0,0.0,0.0,0.0,0.0,0.0,0.0,0.0,0.04717745961381018,0.12828930290141577,0.0970746220970866,0.1989017352582919,0.3075420835080573,0.1666287266119531,0.03728109586852773,0.017104974140857446,32,5367,325,576,400,1047,1646,999,255,119,41,0,2,0,1,12,6,4,16,5367,0,0,41,0,0,0,0,0.010735223815514968,0.010857581932983664,0.011525071031253751,0.012592079581942958,0.012826638244698445,0.012806647630458969,0.010429281329602873,0.005306971904266389,0.003472120911504683,8.20093490657935e-05,0.0,4.001760774740886e-05,0.0,1.2250848371249709e-05,9.336559633384426e-05,6.263832630392116e-05,8.324661810613944e-05,0.0004668397864207977,1.0,0.0,0.0,1.0,0.0,0.0,0.0,0.0,[0]
0.6346153846153847,499951,29933,49979,31767,81633,128528,95790,48052,34266,292937,256599,12140,32850,24799,50989,78903,42862,9627,4429,2282,15,77,17,154,618,567,290,544,229,0,0,0,4,11,47,39,128,0,0,0,0,0,0,0,0,0,0.5859314212792853,0.004564447315836952,0.0005011191661377075,0.0015406470717701435,0.0005351465357131615,0.0018864919824090748,0.004808290800448151,0.0059191982461634825,0.0060351286106717725,0.015875795248934805,0.0004580448883990631,0.0,0.0,0.0,4.899979175088506e-05,8.55844640856467e-05,0.0004906566447437101,0.00081162074419379,0.0037354812350434835,0.0,0.0,0.0,0.0,0.0,0.0,0.0,0.0,0.0,0.04731117424463852,0.12802076391568168,0.09664495964520517,0.19871082895880343,0.30749535267089895,0.16703884270788272,0.037517683233371915,0.017260394623517628,0.006573181419807186,0.03374233128834356,0.007449605609114811,0.06748466257668712,0.2708150744960561,0.24846625766871167,0.1270815074496056,0.23838737949167396,0.0,0.0,0.0,0.017467248908296942,0.048034934497816595,0.2052401746724891,0.1703056768558952,0.5589519650655022,33,6204,327,727,492,1185,1896,1139,292,146,54,0,6,0,6,12,8,7,15,6204,0,0,54,0,0,0,0,0.012409365030153318,0.010924397821802025,0.01454640041618312,0.015487770327698555,0.014516721793458287,0.014751649446035105,0.011890718140913885,0.0060768766518906996,0.004260410283346464,0.00010801188130694376,0.0,0.00012005282324222658,0.0,7.350238882763689e-05,9.33648699116146e-05,8.351689651212561e-05,0.0001456785498740921,0.00043771338527532174,1.0,0.0,0.0,1.0,0.0,0.0,0.0,0.0,[1],0.6153846153846154,499951,29933,49979,31767,81633,128528,95790,48052,34266,292937,256599,12140,32850,24799,50989,78903,42862,9627,4429,2282,15,77,17,154,618,567,290,544,229,0,0,0,0,0,0,0,0,0,0.5859314212792853,0.004564447315836952,0.0005011191661377075,0.0015406470717701435,0.0005351465357131615,0.0018864919824090748,0.004808290800448151,0.0059191982461634825,0.0060351286106717725,0.015875795248934805,0.0004580448883990631,0.0,0.0,0.0,0.0,0.0,0.0,0.0,0.0,0.0,0.04731117424463852,0.12802076391568168,0.09664495964520517,0.19871082895880343,0.30749535267089895,0.16703884270788272,0.037517683233371915,0.017260394623517628,33,6204,327,727,492,1185,1896,1139,292,146,54,0,6,0,6,12,8,7,15,6204,0,0,54,0,0,0,0,0.012409365030153318,0.010924397821802025,0.01454640041618312,0.015487770327698555,0.014516721793458287,0.014751649446035105,0.011890718140913885,0.0060768766518906996,0.004260410283346464,0.00010801188130694376,0.0,0.00012005282324222658,0.0,7.350238882763689e-05,9.33648699116146e-05,8.351689651212561e-05,0.0001456785498740921,0.00043771338527532174,1.0,0.0,0.0,1.0,0.0,0.0,0.0,0.0,[1]
0.6538461538461539,499943,29933,49980,31767,81633,128529,95790,48052,34259,283457,264290,12568,33702,25435,52473,81169,44310,10017,4616,2348,15,79,17,161,632,581,300,563,236,0,0,0,4,11,47,39,135,0,0,0,0,0,0,0,0,0,0.5669786355644544,0.004696535405036174,0.0005011191661377075,0.0015806322529011605,0.0005351465357131615,0.0019722416179731236,0.004917178224369598,0.006065351289278631,0.006243236493798385,0.016433637876178523,0.0004720538141348114,0.0,0.0,0.0,4.899979175088506e-05,8.558379820896451e-05,0.0004906566447437101,0.00081162074419379,0.003940570361073003,0.0,0.0,0.0,0.0,0.0,0.0,0.0,0.0,0.0,0.047553823451511594,0.12751901320519127,0.09623897990843391,0.1985432668659427,0.30712096560596314,0.16765674070150213,0.03790154754247228,0.017465662718982936,0.006388415672913117,0.03364565587734242,0.007240204429301534,0.06856899488926746,0.26916524701873934,0.24744463373083475,0.12776831345826234,0.239778534923339,0.0,0.0,0.0,0.01694915254237288,0.046610169491525424,0.19915254237288135,0.1652542372881356,0.5720338983050848,34,7691,428,852,636,1484,2266,1448,390,187,66,0,2,0,7,14,14,10,19,7691,0,0,66,0,0,0,0,0.015383507583743208,0.014298600207129255,0.01704715980711899,0.020020776277268865,0.018178922739578357,0.017630399601643223,0.015116400459338136,0.0081162074419379,0.005457304616821339,0.00013201293726785226,0.0,4.001680705896477e-05,0.0,8.574963556404885e-05,0.00010892568156355035,0.00014615304311514773,0.00020810788312661285,0.0005544854958267671,1.0,0.0,0.0,1.0,0.0,0.0,0.0,0.0,[0],0.6346153846153847,499943,29933,49980,31767,81633,128529,95790,48052,34259,283457,264290,12568,33702,25435,52473,81169,44310,10017,4616,2348,15,79,17,161,632,581,300,563,236,0,0,0,0,0,0,0,0,0,0.5669786355644544,0.004696535405036174,0.0005011191661377075,0.0015806322529011605,0.0005351465357131615,0.0019722416179731236,0.004917178224369598,0.006065351289278631,0.006243236493798385,0.016433637876178523,0.0004720538141348114,0.0,0.0,0.0,0.0,0.0,0.0,0.0,0.0,0.0,0.047553823451511594,0.12751901320519127,0.09623897990843391,0.1985432668659427,0.30712096560596314,0.16765674070150213,0.03790154754247228,0.017465662718982936,34,7691,428,852,636,1484,2266,1448,390,187,66,0,2,0,7,14,14,10,19,7691,0,0,66,0,0,0,0,0.015383507583743208,0.014298600207129255,0.01704715980711899,0.020020776277268865,0.018178922739578357,0.017630399601643223,0.015116400459338136,0.0081162074419379,0.005457304616821339,0.00013201293726785226,0.0,4.001680705896477e-05,0.0,8.574963556404885e-05,0.00010892568156355035,0.00014615304311514773,0.00020810788312661285,0.0005544854958267671,1.0,0.0,0.0,1.0,0.0,0.0,0.0,0.0,[0]
0.6730769230769231,499943,29933,49981,31767,81633,128529,95791,48052,34257,281727,272790,13038,34731,26100,54134,83647,45898,10418,4824,2437,15,82,17,168,657,605,312,581,241,0,0,0,4,12,48,40,137,0,0,0,0,0,0,0,0,0,0.563518241079483,0.004874555699349726,0.0005011191661377075,0.0016406234369060243,0.0005351465357131615,0.0020579912535371725,0.005111686856662699,0.006315833429027779,0.00649296595355032,0.01696003736462621,0.0004820549542647862,0.0,0.0,0.0,4.899979175088506e-05,9.336414350068855e-05,0.0005010909166831958,0.0008324315325064514,0.003999182648801705,0.0,0.0,0.0,0.0,0.0,0.0,0.0,0.0,0.0,0.04779500714835588,0.12731771692510724,0.09567799406136589,0.19844569082444372,0.3066351405843323,0.16825396825396827,0.03819054950694674,0.01768393269548004,0.006155108740254411,0.03364792778005745,0.006975789905621666,0.0689372178908494,0.26959376282314323,0.2482560525235946,0.12802626179729176,0.23840787853918752,0.0,0.0,0.0,0.016597510373443983,0.04979253112033195,0.1991701244813278,0.16597510373443983,0.5684647302904564,35,8500,470,1029,665,1661,2478,1588,401,208,89,0,3,0,7,25,24,12,18,8500,0,0,89,0,0,0,0,0.017001938220957188,0.015701733872314837,0.020588235294117647,0.02093367330877955,0.02034716352455502,0.019279695632892186,0.016577930890489614,0.008345126113377175,0.006071397297060626,0.00017802029431355175,0.0,6.002400960384154e-05,0.0,8.574963556404885e-05,0.00019450863229310118,0.0002505480739116818,0.0002497294597519354,0.0005254093814764004,1.0,0.0,0.0,1.0,0.0,0.0,0.0,0.0,[1],0.6538461538461539,499943,29933,49981,31767,81633,128529,95791,48052,34257,281727,272790,13038,34731,26100,54134,83647,45898,10418,4824,2437,15,82,17,168,657,605,312,581,241,0,0,0,0,0,0,0,0,0,0.563518241079483,0.004874555699349726,0.0005011191661377075,0.0016406234369060243,0.0005351465357131615,0.0020579912535371725,0.005111686856662699,0.006315833429027779,0.00649296595355032,0.01696003736462621,0.0004820549542647862,0.0,0.0,0.0,0.0,0.0,0.0,0.0,0.0,0.0,0.04779500714835588,0.12731771692510724,0.09567799406136589,0.19844569082444372,0.3066351405843323,0.16825396825396827,0.03819054950694674,0.01768393269548004,35,8500,470,1029,665,1661,2478,1588,401,208,89,0,3,0,7,25,24,12,18,8500,0,0,89,0,0,0,0,0.017001938220957188,0.015701733872314837,0.020588235294117647,0.02093367330877955,0.02034716352455502,0.019279695632892186,0.016577930890489614,0.008345126113377175,0.006071397297060626,0.00017802029431355175,0.0,6.002400960384154e-05,0.0,8.574963556404885e-05,0.00019450863229310118,0.0002505480739116818,0.0002497294597519354,0.0005254093814764004,1.0,0.0,0.0,1.0,0.0,0.0,0.0,0.0,[1]
0.6923076923076924,499934,29933,49981,31767,81634,128528,95790,48049,34248,280607,278536,13349,35429,26537,55230,85387,46946,10703,4955,2495,16,84,17,173,666,618,321,600,257,0,0,0,4,13,51,43,146,0,0,0,0,0,0,0,0,0,0.5612880900278837,0.004990658766957238,0.0005345271105468881,0.00168063864268422,0.0005351465357131615,0.002119215032951956,0.0051817502800946096,0.0064516129032258064,0.006680680139024745,0.01751927119831815,0.0005140678569571183,0.0,0.0,0.0,4.899919151334003e-05,0.00010114527573758247,0.0005324146570623239,0.0008949197694020687,0.0042630226582574164,0.0,0.0,0.0,0.0,0.0,0.0,0.0,0.0,0.0,0.04792558233047075,0.1271972025160123,0.09527314243042193,0.19828675646954075,0.3065564235861792,0.16854553809920442,0.038425912628888184,0.017789441939282533,0.006412825651302605,0.033667334669338675,0.006813627254509018,0.06933867735470942,0.26693386773547095,0.24769539078156314,0.12865731462925853,0.24048096192384769,0.0,0.0,0.0,0.01556420233463035,0.05058365758754864,0.19844357976653695,0.16731517509727625,0.5680933852140078,36,5746,311,698,437,1096,1740,1048,285,131,58,1,2,0,5,9,13,9,19,5746,0,0,58,0,0,0,0,0.01149331023736706,0.010389870711255137,0.013965306816590304,0.013756413888626562,0.013425942939742506,0.013537800807599842,0.010940485014249773,0.005931074669108465,0.003824035963452725,0.00011601322550770787,3.3407944409180505e-05,4.0015205778195714e-05,0.0,6.124973968860633e-05,7.002310762551643e-05,0.0001357121232683655,0.00018729709481395156,0.0005546311702717693,1.0,0.0,0.0,1.0,0.0,0.0,0.0,0.0,[1],0.6730769230769231,499934,29933,49981,31767,81634,128528,95790,48049,34248,280607,278536,13349,35429,26537,55230,85387,46946,10703,4955,2495,16,84,17,173,666,618,321,600,257,0,0,0,0,0,0,0,0,0,0.5612880900278837,0.004990658766957238,0.0005345271105468881,0.00168063864268422,0.0005351465357131615,0.002119215032951956,0.0051817502800946096,0.0064516129032258064,0.006680680139024745,0.01751927119831815,0.0005140678569571183,0.0,0.0,0.0,0.0,0.0,0.0,0.0,0.0,0.0,0.04792558233047075,0.1271972025160123,0.09527314243042193,0.19828675646954075,0.3065564235861792,0.16854553809920442,0.038425912628888184,0.017789441939282533,36,5746,311,698,437,1096,1740,1048,285,131,58,1,2,0,5,9,13,9,19,5746,0,0,58,0,0,0,0,0.01149331023736706,0.010389870711255137,0.013965306816590304,0.013756413888626562,0.013425942939742506,0.013537800807599842,0.010940485014249773,0.005931074669108465,0.003824035963452725,0.00011601322550770787,3.3407944409180505e-05,4.0015205778195714e-05,0.0,6.124973968860633e-05,7.002310762551643e-05,0.0001357121232683655,0.00018729709481395156,0.0005546311702717693,1.0,0.0,0.0,1.0,0.0,0.0,0.0,0.0,[1]
0.7115384615384616,499930,29934,49981,31767,81635,128528,95787,48050,34245,271103,286362,13783,36333,27164,56699,87771,48387,11076,5149,2557,16,86,17,178,681,638,328,613,264,0,0,0,4,14,54,43,149,0,0,0,0,0,0,0,0,0,0.5422819194687256,0.005114716060248435,0.0005345092536914545,0.0017206538484624157,0.0005351465357131615,0.0021804373124272676,0.005298456367484128,0.006660611565243718,0.0068262226847034336,0.017900423419477295,0.000528073930350249,0.0,0.0,0.0,4.8998591290500396e-05,0.00010892568156355035,0.0005637508221366156,0.000894901144640999,0.004351000146006716,0.0,0.0,0.0,0.0,0.0,0.0,0.0,0.0,0.0,0.048131386147603386,0.1268778678735307,0.0948589547495827,0.19799763935158995,0.3065036562113688,0.16897144174157186,0.03867831625704528,0.017980737667707306,0.006257332811888932,0.03363316386390301,0.00664841611263199,0.06961282753226437,0.2663277278060227,0.24951114587407117,0.1282753226437231,0.23973406335549471,0.0,0.0,0.0,0.015151515151515152,0.05303030303030303,0.20454545454545456,0.16287878787878787,0.5643939393939394,37,7826,434,904,627,1469,2384,1441,373,194,62,0,2,0,5,15,20,7,13,7826,0,0,62,0,0,0,0,0.01565406633675645,0.014499047873584338,0.018086873011744463,0.019737463405420718,0.017994953083274125,0.01854848748910743,0.015043323937780562,0.007762908697371433,0.005664564354122869,0.00012401637016086123,0.0,4.0015205778195714e-05,0.0,6.124898939167504e-05,0.00011670608738951823,0.00020879006159306817,0.0001456846136235926,0.00037958420929689327,1.0,0.0,0.0,1.0,0.0,0.0,0.0,0.0,[0],0.6923076923076924,499930,29934,49981,31767,81635,128528,95787,48050,34245,271103,286362,13783,36333,27164,56699,87771,48387,11076,5149,2557,16,86,17,178,681,638,328,613,264,0,0,0,0,0,0,0,0,0,0.5422819194687256,0.005114716060248435,0.0005345092536914545,0.0017206538484624157,0.0005351465357131615,0.0021804373124272676,0.005298456367484128,0.006660611565243718,0.0068262226847034336,0.017900423419477295,0.000528073930350249,0.0,0.0,0.0,0.0,0.0,0.0,0.0,0.0,0.0,0.048131386147603386,0.1268778678735307,0.0948589547495827,0.19799763935158995,0.3065036562113688,0.16897144174157186,0.03867831625704528,0.017980737667707306,37,7826,434,904,627,1469,2384,1441,373,194,62,0,2,0,5,15,20,7,13,7826,0,0,62,0,0,0,0,0.01565406633675645,0.014499047873584338,0.018086873011744463,0.019737463405420718,0.017994953083274125,0.01854848748910743,0.015043323937780562,0.007762908697371433,0.005664564354122869,0.00012401637016086123,0.0,4.0015205778195714e-05,0.0,6.124898939167504e-05,0.00011670608738951823,0.00020879006159306817,0.0001456846136235926,0.00037958420929689327,1.0,0.0,0.0,1.0,0.0,0.0,0.0,0.0,[0]
0.7307692307692308,499927,29934,49982,31768,81637,128528,95786,48048,34242,269691,294782,14238,37318,27800,58277,90293,49954,11511,5391,2648,20,88,18,180,696,663,342,641,272,0,0,0,4,14,55,47,152,0,0,0,0,0,0,0,0,0,0.5394607612711456,0.00529677332890602,0.0006681365671143181,0.001760633828178144,0.000566607907328129,0.0022048825900020824,0.005415162454873646,0.006921679577391268,0.007117882117882118,0.018719700952047193,0.0005440794355975972,0.0,0.0,0.0,4.8997390888935165e-05,0.00010892568156355035,0.0005741966466915833,0.0009781884781884782,0.004438993049471409,0.0,0.0,0.0,0.0,0.0,0.0,0.0,0.0,0.0,0.048300099734719215,0.1265952466568515,0.0943069793949427,0.19769524597838403,0.3063043198024303,0.16946082189550243,0.03904919567680523,0.01828809086036461,0.0075528700906344415,0.03323262839879154,0.006797583081570997,0.06797583081570997,0.2628398791540785,0.25037764350453173,0.12915407854984895,0.24206948640483383,0.0,0.0,0.0,0.014705882352941176,0.051470588235294115,0.20220588235294118,0.17279411764705882,0.5588235294117647,38,8420,455,985,636,1578,2522,1567,435,242,91,4,2,1,2,15,25,14,28,8420,0,0,91,0,0,0,0,0.016842357930110217,0.015200106901850738,0.01970748884576139,0.020020776277268865,0.01932994426410241,0.019622183493091,0.01635921367200142,0.009053069719042664,0.00706672506935319,0.00018202548356769947,0.00013362731342286363,4.0015205778195714e-05,3.147920798312714e-05,2.4499295645250198e-05,0.00011670608738951823,0.0002609957509891739,0.00029136316337148805,0.0008176376113301211,1.0,0.0,0.0,1.0,0.0,0.0,0.0,0.0,[1],0.7115384615384616,499927,29934,49982,31768,81637,128528,95786,48048,34242,269691,294782,14238,37318,27800,58277,90293,49954,11511,5391,2648,20,88,18,180,696,663,342,641,272,0,0,0,0,0,0,0,0,0,0.5394607612711456,0.00529677332890602,0.0006681365671143181,0.001760633828178144,0.000566607907328129,0.0022048825900020824,0.005415162454873646,0.006921679577391268,0.007117882117882118,0.018719700952047193,0.0005440794355975972,0.0,0.0,0.0,0.0,0.0,0.0,0.0,0.0,0.0,0.048300099734719215,0.1265952466568515,0.0943069793949427,0.19769524597838403,0.3063043198024303,0.16946082189550243,0.03904919567680523,0.01828809086036461,38,8420,455,985,636,1578,2522,1567,435,242,91,4,2,1,2,15,25,14,28,8420,0,0,91,0,0,0,0,0.016842357930110217,0.015200106901850738,0.01970748884576139,0.020020776277268865,0.01932994426410241,0.019622183493091,0.01635921367200142,0.009053069719042664,0.00706672506935319,0.00018202548356769947,0.00013362731342286363,4.0015205778195714e-05,3.147920798312714e-05,2.4499295645250198e-05,0.00011670608738951823,0.0002609957509891739,0.00029136316337148805,0.0008176376113301211,1.0,0.0,0.0,1.0,0.0,0.0,0.0,0.0,[1]
0.7500000000000001,499925,29934,49983,31768,81640,128528,95787,48047,34235,269444,300162,14514,37953,28201,59322,91894,50980,11765,5533,2717,21,89,18,182,710,681,351,665,281,0,0,0,4,14,55,48,160,0,0,0,0,0,0,0,0,0,0.538968845326799,0.005434815222283343,0.0007015433954700341,0.001780605405837985,0.000566607907328129,0.0022292993630573248,0.0055240881364371965,0.007109524256945097,0.007305346847878119,0.019424565503140062,0.000562084312646897,0.0,0.0,0.0,4.8995590396864285e-05,0.00010892568156355035,0.0005741906521761826,0.0009990217911628198,0.004673579669928435,0.0,0.0,0.0,0.0,0.0,0.0,0.0,0.0,0.0,0.048353888899994,0.12644172147040597,0.09395259892991119,0.19763327802986388,0.30614801340609404,0.1698416188591494,0.03919550109607479,0.01843337930850674,0.007729112992270887,0.032756716967243284,0.006624953993375046,0.06698564593301436,0.2613176297386824,0.2506440927493559,0.1291866028708134,0.24475524475524477,0.0,0.0,0.0,0.014234875444839857,0.0498220640569395,0.19572953736654805,0.1708185053380783,0.5693950177935944,39,5380,276,635,401,1045,1601,1026,254,142,69,1,1,0,2,14,18,9,24,5380,0,0,69,0,0,0,0,0.010761571189393651,0.009220284626177591,0.012704573646512745,0.01262276504658776,0.012800568369734311,0.01245642972737458,0.010711377445555718,0.005286380286380286,0.0041469540330588165,0.00013802015094203752,3.340682835571591e-05,2.0007202592933457e-05,0.0,2.4498695444467582e-05,0.00010892568156355035,0.00018791890255360908,0.0001873126873126873,0.0007008936393902226,1.0,0.0,0.0,1.0,0.0,0.0,0.0,0.0,[1],0.7307692307692308,499925,29934,49983,31768,81640,128528,95787,48047,34235,269444,300162,14514,37953,28201,59322,91894,50980,11765,5533,2717,21,89,18,182,710,681,351,665,281,0,0,0,0,0,0,0,0,0,0.538968845326799,0.005434815222283343,0.0007015433954700341,0.001780605405837985,0.000566607907328129,0.0022292993630573248,0.0055240881364371965,0.007109524256945097,0.007305346847878119,0.019424565503140062,0.000562084312646897,0.0,0.0,0.0,0.0,0.0,0.0,0.0,0.0,0.0,0.048353888899994,0.12644172147040597,0.09395259892991119,0.19763327802986388,0.30614801340609404,0.1698416188591494,0.03919550109607479,0.01843337930850674,39,5380,276,635,401,1045,1601,1026,254,142,69,1,1,0,2,14,18,9,24,5380,0,0,69,0,0,0,0,0.010761571189393651,0.009220284626177591,0.012704573646512745,0.01262276504658776,0.012800568369734311,0.01245642972737458,0.010711377445555718,0.005286380286380286,0.0041469540330588165,0.00013802015094203752,3.340682835571591e-05,2.0007202592933457e-05,0.0,2.4498695444467582e-05,0.00010892568156355035,0.00018791890255360908,0.0001873126873126873,0.0007008936393902226,1.0,0.0,0.0,1.0,0.0,0.0,0.0,0.0,[1]
0.7692307692307693,499914,29934,49983,31768,81642,128527,95786,48046,34227,262044,306976,14888,38704,28747,60703,93922,52211,12092,5709,2781,21,90,18,186,727,698,359,682,292,0,0,0,4,15,56,49,168,0,0,0,0,0,0,0,0,0,0.5241781586432867,0.0055629568285745145,0.0007015433954700341,0.0018006122081507712,0.000566607907328129,0.002278239141618285,0.005656399044558731,0.00728707744346773,0.0074720059942555055,0.019925789581324686,0.0005841004652800282,0.0,0.0,0.0,4.89943901423287e-05,0.00011670699541730531,0.0005846365857223394,0.0010198559713607792,0.004908405644666491,0.0,0.0,0.0,0.0,0.0,0.0,0.0,0.0,0.0,0.048498905451892005,0.12608151777337642,0.09364575732304806,0.19774510059418327,0.3059587720212655,0.1700817001980611,0.03939070155321589,0.01859754508495778,0.007551240560949299,0.032362459546925564,0.006472491909385114,0.0668824163969795,0.2614167565623876,0.2509888529306005,0.12909025530384755,0.24523552678892485,0.0,0.0,0.0,0.0136986301369863,0.05136986301369863,0.1917808219178082,0.1678082191780822,0.5753424657534246,40,6814,374,751,546,1381,2028,1231,327,176,64,0,1,0,4,17,17,8,17,6814,0,0,64,0,0,0,0,0.013630044506676,0.01249415380503775,0.015025108536902547,0.01718710652228658,0.016915727584517395,0.015778663015062866,0.012851430778706922,0.00680583595229671,0.0051409376369212795,0.00012801920288043207,0.0,2.000680231278635e-05,0.0,4.8995590396864285e-05,0.000132266899041454,0.00017747711067263826,0.00016650363186046995,0.0004965678399298963,1.0,0.0,0.0,1.0,0.0,0.0,0.0,0.0,[0],0.7500000000000001,499914,29934,49983,31768,81642,128527,95786,48046,34227,262044,306976,14888,38704,28747,60703,93922,52211,12092,5709,2781,21,90,18,186,727,698,359,682,292,0,0,0,0,0,0,0,0,0,0.5241781586432867,0.0055629568285745145,0.0007015433954700341,0.0018006122081507712,0.000566607907328129,0.002278239141618285,0.005656399044558731,0.00728707744346773,0.0074720059942555055,0.019925789581324686,0.0005841004652800282,0.0,0.0,0.0,0.0,0.0,0.0,0.0,0.0,0.0,0.048498905451892005,0.12608151777337642,0.09364575732304806,0.19774510059418327,0.3059587720212655,0.1700817001980611,0.03939070155321589,0.01859754508495778,40,6814,374,751,546,1381,2028,1231,327,176,64,0,1,0,4,17,17,8,17,6814,0,0,64,0,0,0,0,0.013630044506676,0.01249415380503775,0.015025108536902547,0.01718710652228658,0.016915727584517395,0.015778663015062866,0.012851430778706922,0.00680583595229671,0.0051409376369212795,0.00012801920288043207,0.0,2.000680231278635e-05,0.0,4.8995590396864285e-05,0.000132266899041454,0.00017747711067263826,0.00016650363186046995,0.0004965678399298963,1.0,0.0,0.0,1.0,0.0,0.0,0.0,0.0,[0]
0.7884615384615385,499907,29935,49983,31768,81642,128528,95785,48046,34219,261435,314337,15289,39553,29274,62082,96123,53612,12505,5899,2864,22,93,19,191,750,710,374,705,303,0,0,0,4,15,57,50,177,0,0,0,0,0,0,0,0,0,0.5229672719125757,0.005729065606202754,0.0007349256722899615,0.0018606326150891303,0.0005980861244019139,0.0023394821292961956,0.005835304369475912,0.007412434097196847,0.007784206801814927,0.02060258920482773,0.0006061127369690763,0.0,0.0,0.0,4.89943901423287e-05,0.00011670608738951823,0.000595082737380592,0.0010406693585314074,0.005172564949297174,0.0,0.0,0.0,0.0,0.0,0.0,0.0,0.0,0.0,0.048638881200749516,0.12582992139010044,0.09312934843814123,0.19750140772483035,0.3057960087422098,0.1705558047573146,0.03978214464094268,0.018766483105711385,0.007681564245810056,0.03247206703910614,0.006634078212290503,0.06668994413407821,0.26187150837988826,0.2479050279329609,0.13058659217877094,0.24615921787709497,0.0,0.0,0.0,0.013201320132013201,0.04950495049504951,0.18811881188118812,0.16501650165016502,0.5841584158415841,41,7361,401,849,527,1379,2201,1401,413,190,83,1,3,1,5,23,12,15,23,7361,0,0,83,0,0,0,0,0.014724532619610573,0.013396138170642079,0.016985775163555608,0.016589020397884662,0.01689081600156782,0.017124806460899266,0.01462635458208924,0.008595928901469424,0.0055511730505156745,0.00016602855691178882,3.340682835571591e-05,6.002040693835904e-05,3.147821707378494e-05,6.124298767791087e-05,0.0001789507263065348,0.00012527926836907274,0.0003122008075594222,0.0006719841061150554,1.0,0.0,0.0,1.0,0.0,0.0,0.0,0.0,[1],0.7692307692307693,499907,29935,49983,31768,81642,128528,95785,48046,34219,261435,314337,15289,39553,29274,62082,96123,53612,12505,5899,2864,22,93,19,191,750,710,374,705,303,0,0,0,0,0,0,0,0,0,0.5229672719125757,0.005729065606202754,0.0007349256722899615,0.0018606326150891303,0.0005980861244019139,0.0023394821292961956,0.005835304369475912,0.007412434097196847,0.007784206801814927,0.02060258920482773,0.0006061127369690763,0.0,0.0,0.0,0.0,0.0,0.0,0.0,0.0,0.0,0.048638881200749516,0.12582992139010044,0.09312934843814123,0.19750140772483035,0.3057960087422098,0.1705558047573146,0.03978214464094268,0.018766483105711385,41,7361,401,849,527,1379,2201,1401,413,190,83,1,3,1,5,23,12,15,23,7361,0,0,83,0,0,0,0,0.014724532619610573,0.013396138170642079,0.016985775163555608,0.016589020397884662,0.01689081600156782,0.017124806460899266,0.01462635458208924,0.008595928901469424,0.0055511730505156745,0.00016602855691178882,3.340682835571591e-05,6.002040693835904e-05,3.147821707378494e-05,6.124298767791087e-05,0.0001789507263065348,0.00012527926836907274,0.0003122008075594222,0.0006719841061150554,1.0,0.0,0.0,1.0,0.0,0.0,0.0,0.0,[1]
0.8076923076923077,499893,29935,49983,31768,81642,128526,95783,48045,34209,261848,318971,15558,40059,29615,62976,97474,54494,12779,6016,2944,22,95,19,195,764,734,388,727,320,0,0,0,5,17,60,51,187,0,0,0,0,0,0,0,0,0,0.5238080949323155,0.0058892603017045644,0.0007349256722899615,0.001900646219714703,0.0005980861244019139,0.0023884765194385244,0.005944322549523054,0.007663155257195953,0.008075762306171299,0.02125171738431407,0.0006401369893157136,0.0,0.0,0.0,6.124298767791087e-05,0.00013226895725378522,0.0006264159610786883,0.0010615048392132375,0.0054663977315911015,0.0,0.0,0.0,0.0,0.0,0.0,0.0,0.0,0.0,0.04877559401951902,0.12558821961871142,0.09284543108934667,0.19743487652482514,0.30558890933658545,0.1708431173993874,0.04006320323791191,0.01886064877371297,0.007472826086956522,0.03226902173913043,0.006453804347826087,0.06623641304347826,0.2595108695652174,0.24932065217391305,0.13179347826086957,0.2469429347826087,0.0,0.0,0.0,0.015625,0.053125,0.1875,0.159375,0.584375,42,4634,269,506,341,894,1351,882,274,117,80,0,2,0,4,14,24,14,22,4634,0,0,80,0,0,0,0,0.009269724168695377,0.00898613662936362,0.010123441970269893,0.010734072022160665,0.010950246196810466,0.01051132827088261,0.009208122357362843,0.005702868084752112,0.003419153102077793,0.00016002976553638977,0.0,4.00136046255727e-05,0.0,4.89943901423287e-05,0.00010892568156355035,0.00025056115258130187,0.0002913874203887941,0.000642917677313773,1.0,0.0,0.0,1.0,0.0,0.0,0.0,0.0,[1],0.7884615384615385,499893,29935,49983,31768,81642,128526,95783,48045,34209,261848,318971,15558,40059,29615,62976,97474,54494,12779,6016,2944,22,95,19,195,764,734,388,727,320,0,0,0,0,0,0,0,0,0,0.5238080949323155,0.0058892603017045644,0.0007349256722899615,0.001900646219714703,0.0005980861244019139,0.0023884765194385244,0.005944322549523054,0.007663155257195953,0.008075762306171299,0.02125171738431407,0.0006401369893157136,0.0,0.0,0.0,0.0,0.0,0.0,0.0,0.0,0.0,0.04877559401951902,0.12558821961871142,0.09284543108934667,0.19743487652482514,0.30558890933658545,0.1708431173993874,0.04006320323791191,0.01886064877371297,42,4634,269,506,341,894,1351,882,274,117,80,0,2,0,4,14,24,14,22,4634,0,0,80,0,0,0,0,0.009269724168695377,0.00898613662936362,0.010123441970269893,0.010734072022160665,0.010950246196810466,0.01051132827088261,0.009208122357362843,0.005702868084752112,0.003419153102077793,0.00016002976553638977,0.0,4.00136046255727e-05,0.0,4.89943901423287e-05,0.00010892568156355035,0.00025056115258130187,0.0002913874203887941,0.000642917677313773,1.0,0.0,0.0,1.0,0.0,0.0,0.0,0.0,[1]
0.826923076923077,499891,29936,49983,31768,81643,128528,95783,48044,34206,263198,322208,15737,40394,29861,63620,98440,55102,12958,6096,2991,22,96,19,195,780,743,393,743,325,0,0,0,5,17,61,52,190,0,0,0,0,0,0,0,0,0,0.5265107793498983,0.005983304360350557,0.0007349011223944415,0.0019206530220274892,0.0005980861244019139,0.0023884472643092487,0.0060687165442549484,0.007757117651357757,0.008180001665140288,0.021721335438227213,0.0006501417308973356,0.0,0.0,0.0,6.1242237546391e-05,0.000132266899041454,0.0006368562270966664,0.0010823411872450254,0.00555458106764895,0.0,0.0,0.0,0.0,0.0,0.0,0.0,0.0,0.0,0.04884112126328335,0.12536622306087994,0.09267615949945376,0.19745009434899197,0.30551693316118783,0.17101375508987982,0.040216257821034856,0.01891945575528851,0.007355399531929121,0.0320962888665998,0.006352390504847877,0.06519558676028084,0.26078234704112335,0.24841190237378802,0.13139418254764293,0.24841190237378802,0.0,0.0,0.0,0.015384615384615385,0.052307692307692305,0.18769230769230769,0.16,0.5846153846153846,43,3237,179,335,246,644,966,608,179,80,47,0,1,0,0,16,9,5,16,3237,0,0,47,0,0,0,0,0.006475385732546765,0.005979622515450142,0.0067022787747834265,0.007743641400151095,0.007888096812914922,0.007515988982773914,0.006347681738930708,0.0037256738474346967,0.002338565874477477,9.402012030574543e-05,0.0,2.000680231278635e-05,0.0,0.0,0.00012448843035650373,9.396239416180325e-05,0.00010406910188365075,0.00046771317489549536,1.0,0.0,0.0,1.0,0.0,0.0,0.0,0.0,[1],0.8076923076923077,499891,29936,49983,31768,81643,128528,95783,48044,34206,263198,322208,15737,40394,29861,63620,98440,55102,12958,6096,2991,22,96,19,195,780,743,393,743,325,0,0,0,0,0,0,0,0,0,0.5265107793498983,0.005983304360350557,0.0007349011223944415,0.0019206530220274892,0.0005980861244019139,0.0023884472643092487,0.0060687165442549484,0.007757117651357757,0.008180001665140288,0.021721335438227213,0.0006501417308973356,0.0,0.0,0.0,0.0,0.0,0.0,0.0,0.0,0.0,0.04884112126328335,0.12536622306087994,0.09267615949945376,0.19745009434899197,0.30551693316118783,0.17101375508987982,0.040216257821034856,0.01891945575528851,43,3237,179,335,246,644,966,608,179,80,47,0,1,0,0,16,9,5,16,3237,0,0,47,0,0,0,0,0.006475385732546765,0.005979622515450142,0.0067022787747834265,0.007743641400151095,0.007888096812914922,0.007515988982773914,0.006347681738930708,0.0037256738474346967,0.002338565874477477,9.402012030574543e-05,0.0,2.000680231278635e-05,0.0,0.0,0.00012448843035650373,9.396239416180325e-05,0.00010406910188365075,0.00046771317489549536,1.0,0.0,0.0,1.0,0.0,0.0,0.0,0.0,[1]
0.8461538461538463,499893,29936,49983,31768,81646,128529,95783,48045,34201,260581,326096,15932,40803,30189,64358,99602,55849,13167,6196,3033,22,96,19,197,789,757,397,756,332,0,0,0,5,17,62,53,195,0,0,0,0,0,0,0,0,0,0.5212735525402437,0.006067298401857998,0.0007349011223944415,0.0019206530220274892,0.0005980861244019139,0.0024128554981260562,0.0061386924351702725,0.007903281375609451,0.008263086689561869,0.022104616824069473,0.0006641421264150528,0.0,0.0,0.0,6.123998726208265e-05,0.00013226586995930878,0.0006472964931146446,0.0011031324799666978,0.005701587672875062,0.0,0.0,0.0,0.0,0.0,0.0,0.0,0.0,0.0,0.04885677837201315,0.1251257298464256,0.09257703253029782,0.19735905990873853,0.30543766252882587,0.17126551690299788,0.040377680192336,0.019000539718365145,0.007253544345532476,0.03165182987141444,0.006264424662050775,0.06495219254863172,0.26013847675568746,0.2495878667985493,0.13089350478074513,0.24925816023738873,0.0,0.0,0.0,0.015060240963855422,0.05120481927710843,0.18674698795180722,0.15963855421686746,0.5873493975903614,44,3888,195,409,328,738,1162,747,209,100,42,0,0,0,2,9,14,4,13,3888,0,0,42,0,0,0,0,0.007777695537627203,0.00651389631213255,0.008182782145929617,0.01032485520020146,0.00903935426184731,0.00904083156977468,0.007798878715429669,0.004350179002580968,0.002923463719815237,8.401831599288645e-05,0.0,0.0,0.0,2.4496895018556397e-05,7.002365243371094e-05,0.00014616372425169393,8.32570144034635e-05,0.00038005028357598083,1.0,0.0,0.0,1.0,0.0,0.0,0.0,0.0,[0],0.826923076923077,499893,29936,49983,31768,81646,128529,95783,48045,34201,260581,326096,15932,40803,30189,64358,99602,55849,13167,6196,3033,22,96,19,197,789,757,397,756,332,0,0,0,0,0,0,0,0,0,0.5212735525402437,0.006067298401857998,0.0007349011223944415,0.0019206530220274892,0.0005980861244019139,0.0024128554981260562,0.0061386924351702725,0.007903281375609451,0.008263086689561869,0.022104616824069473,0.0006641421264150528,0.0,0.0,0.0,0.0,0.0,0.0,0.0,0.0,0.0,0.04885677837201315,0.1251257298464256,0.09257703253029782,0.19735905990873853,0.30543766252882587,0.17126551690299788,0.040377680192336,0.019000539718365145,44,3888,195,409,328,738,1162,747,209,100,42,0,0,0,2,9,14,4,13,3888,0,0,42,0,0,0,0,0.007777695537627203,0.00651389631213255,0.008182782145929617,0.01032485520020146,0.00903935426184731,0.00904083156977468,0.007798878715429669,0.004350179002580968,0.002923463719815237,8.401831599288645e-05,0.0,0.0,0.0,2.4496895018556397e-05,7.002365243371094e-05,0.00014616372425169393,8.32570144034635e-05,0.00038005028357598083,1.0,0.0,0.0,1.0,0.0,0.0,0.0,0.0,[0]
0.8653846153846154,499895,29937,49984,31768,81645,128532,95783,48046,34200,261746,330320,16156,41274,30514,65171,100876,56630,13401,6298,3073,22,97,20,198,795,768,406,767,335,0,0,0,6,17,62,54,196,0,0,0,0,0,0,0,0,0,0.5236019564108463,0.00614729093109553,0.0007348765741390253,0.0019406209987195902,0.0006295643414756988,0.002425133198603711,0.006185230137242087,0.008018124301807211,0.008450235191275027,0.022426900584795323,0.0006701407295532062,0.0,0.0,0.0,7.348888480617307e-05,0.0001322627828089503,0.0006472964931146446,0.00112392290721392,0.005730994152046784,0.0,0.0,0.0,0.0,0.0,0.0,0.0,0.0,0.0,0.04891014773552919,0.12495156212157907,0.0923770888835069,0.1972965609106321,0.30538871397432793,0.171439815936062,0.040569750544926134,0.019066359893436666,0.007159127888057273,0.03156524568825252,0.006508298080052067,0.06443215099251545,0.25870484868206967,0.24991864627399935,0.13211845102505695,0.24959323136999675,0.0,0.0,0.0,0.01791044776119403,0.050746268656716415,0.18507462686567164,0.16119402985074627,0.5850746268656717,45,4224,224,471,325,813,1274,781,234,102,40,0,1,1,1,6,11,9,11,4224,0,0,40,0,0,0,0,0.008449808258967418,0.0074826296098343134,0.009423203889322369,0.010230420548980105,0.00995762192881464,0.009912159901656436,0.008153847760040927,0.004870433968154854,0.0029823689365808016,8.00171236644642e-05,0.0,2.000680231278635e-05,3.147821707378494e-05,1.224799745241653e-05,4.668207175034428e-05,0.00011484292619775952,0.00018732438339057135,0.0003216280225724394,1.0,0.0,0.0,1.0,0.0,0.0,0.0,0.0,[1],0.8461538461538463,499895,29937,49984,31768,81645,128532,95783,48046,34200,261746,330320,16156,41274,30514,65171,100876,56630,13401,6298,3073,22,97,20,198,795,768,406,767,335,0,0,0,0,0,0,0,0,0,0.5236019564108463,0.00614729093109553,0.0007348765741390253,0.0019406209987195902,0.0006295643414756988,0.002425133198603711,0.006185230137242087,0.008018124301807211,0.008450235191275027,0.022426900584795323,0.0006701407295532062,0.0,0.0,0.0,0.0,0.0,0.0,0.0,0.0,0.0,0.04891014773552919,0.12495156212157907,0.0923770888835069,0.1972965609106321,0.30538871397432793,0.171439815936062,0.040569750544926134,0.019066359893436666,45,4224,224,471,325,813,1274,781,234,102,40,0,1,1,1,6,11,9,11,4224,0,0,40,0,0,0,0,0.008449808258967418,0.0074826296098343134,0.009423203889322369,0.010230420548980105,0.00995762192881464,0.009912159901656436,0.008153847760040927,0.004870433968154854,0.0029823689365808016,8.00171236644642e-05,0.0,2.000680231278635e-05,3.147821707378494e-05,1.224799745241653e-05,4.668207175034428e-05,0.00011484292619775952,0.00018732438339057135,0.0003216280225724394,1.0,0.0,0.0,1.0,0.0,0.0,0.0,0.0,[1]
0.8846153846153847,499892,29937,49985,31768,81645,128532,95783,48045,34196,256943,335284,16447,41815,30889,66121,102312,57560,13703,6437,3126,23,98,20,198,816,775,414,782,341,0,0,0,6,17,62,55,201,809,0,0,0,0,0,0,0,809,0.5139970233570451,0.006253350723756331,0.0007682800547817082,0.0019605881764529357,0.0006295643414756988,0.002425133198603711,0.006348613574829615,0.008091206163933056,0.008616921635966281,0.022868171715990173,0.0006821473438262664,0.0,0.0,0.0,7.348888480617307e-05,0.0001322627828089503,0.0006472964931146446,0.0011447601207201581,0.005877880453854252,0.0016183495635057172,0.0,0.0,0.0,0.0,0.0,0.0,0.0,0.023657737747104925,0.049053936364395555,0.12471516684363107,0.0921278677181136,0.1972089333221985,0.30515026067453266,0.1716753558177545,0.04086982975626633,0.019198649503107814,0.007357645553422905,0.03134996801023673,0.006397952655150352,0.06333973128598848,0.26103646833013433,0.24792066538707613,0.1324376199616123,0.25015994881637876,0.0,0.0,0.0,0.017595307917888565,0.04985337243401759,0.18181818181818182,0.16129032258064516,0.5894428152492669,46,4964,291,541,375,950,1436,930,302,139,53,1,1,0,0,21,7,8,15,4964,0,0,53,0,0,0,0,0.009930085317916762,0.009720412867020743,0.010823463508322664,0.011804331402669352,0.011635740094310735,0.011172315065508979,0.009709447396719669,0.006285642925529701,0.004064327485380117,0.00010602226467558188,3.340348064268297e-05,2.000640204865557e-05,0.0,0.0,0.00016338343758752683,7.308186212584696e-05,0.00016650709736502518,0.0004385964912280702,1.0,0.0,0.0,1.0,0.0,0.0,0.0,0.0,[0],0.8653846153846154,499892,29937,49985,31768,81645,128532,95783,48045,34196,256943,335284,16447,41815,30889,66121,102312,57560,13703,6437,3126,23,98,20,198,816,775,414,782,341,809,0,0,0,0,0,0,0,809,0.5139970233570451,0.006253350723756331,0.0007682800547817082,0.0019605881764529357,0.0006295643414756988,0.002425133198603711,0.006348613574829615,0.008091206163933056,0.008616921635966281,0.022868171715990173,0.0006821473438262664,0.0016183495635057172,0.0,0.0,0.0,0.0,0.0,0.0,0.0,0.023657737747104925,0.049053936364395555,0.12471516684363107,0.0921278677181136,0.1972089333221985,0.30515026067453266,0.1716753558177545,0.04086982975626633,0.019198649503107814,46,4964,291,541,375,950,1436,930,302,139,53,1,1,0,0,21,7,8,15,4964,0,0,53,0,0,0,0,0.009930085317916762,0.009720412867020743,0.010823463508322664,0.011804331402669352,0.011635740094310735,0.011172315065508979,0.009709447396719669,0.006285642925529701,0.004064327485380117,0.00010602226467558188,3.340348064268297e-05,2.000640204865557e-05,0.0,0.0,0.00016338343758752683,7.308186212584696e-05,0.00016650709736502518,0.0004385964912280702,1.0,0.0,0.0,1.0,0.0,0.0,0.0,0.0,[0]
0.903846153846154,499896,29938,49985,31770,81647,128536,95783,48045,34192,256481,340437,16746,42400,31292,67107,103861,58525,13946,6560,3179,23,98,20,202,823,791,426,796,346,0,0,0,6,17,63,55,205,2306,0,0,0,0,0,0,0,2306,0.5130687182934051,0.006359322739129739,0.0007682543924109827,0.0019605881764529357,0.0006295247088448222,0.00247406518304408,0.006402875459015373,0.008258250420220707,0.008866687480487044,0.023280299485259708,0.0006921439659449165,0.0,0.0,0.0,7.348708464487367e-05,0.00013225866683263832,0.0006577367591326227,0.0011447601207201581,0.005995554515676182,0.00461295949557508,0.0,0.0,0.0,0.0,0.0,0.0,0.0,0.06744267664950866,0.049189717921377524,0.12454580436321551,0.0919171535408901,0.19712017201420526,0.3050814100699983,0.17191139623483934,0.040964994991731216,0.019269350863742776,0.007234979553318654,0.030827304183705568,0.0062912865681031774,0.06354199433784209,0.2588864422774457,0.24882038376848065,0.13400440390059767,0.25039320541050647,0.0,0.0,0.0,0.017341040462427744,0.049132947976878616,0.18208092485549132,0.15895953757225434,0.5924855491329479,47,5153,299,585,403,986,1549,965,243,123,53,0,0,0,4,7,16,12,14,5153,0,0,53,0,0,0,0,0.010308226576940619,0.009987640712162207,0.011703511053315995,0.01268572148073533,0.012076673403147773,0.012051473563003765,0.010074856707348903,0.005057758351545426,0.0035969119195227513,0.00010602290094660447,0.0,0.0,0.0,4.899258987078204e-05,5.4461145862508946e-05,0.0001670442562876502,0.0002497658445207618,0.0004094046087261668,1.0,0.0,0.0,1.0,0.0,0.0,0.0,0.0,[1],0.8846153846153847,499896,29938,49985,31770,81647,128536,95783,48045,34192,256481,340437,16746,42400,31292,67107,103861,58525,13946,6560,3179,23,98,20,202,823,791,426,796,346,2306,0,0,0,0,0,0,0,2306,0.5130687182934051,0.006359322739129739,0.0007682543924109827,0.0019605881764529357,0.0006295247088448222,0.00247406518304408,0.006402875459015373,0.008258250420220707,0.008866687480487044,0.023280299485259708,0.0006921439659449165,0.00461295949557508,0.0,0.0,0.0,0.0,0.0,0.0,0.0,0.06744267664950866,0.049189717921377524,0.12454580436321551,0.0919171535408901,0.19712017201420526,0.3050814100699983,0.17191139623483934,0.040964994991731216,0.019269350863742776,47,5153,299,585,403,986,1549,965,243,123,53,0,0,0,4,7,16,12,14,5153,0,0,53,0,0,0,0,0.010308226576940619,0.009987640712162207,0.011703511053315995,0.01268572148073533,0.012076673403147773,0.012051473563003765,0.010074856707348903,0.005057758351545426,0.0035969119195227513,0.00010602290094660447,0.0,0.0,0.0,4.899258987078204e-05,5.4461145862508946e-05,0.0001670442562876502,0.0002497658445207618,0.0004094046087261668,1.0,0.0,0.0,1.0,0.0,0.0,0.0,0.0,[1]
0.9230769230769231,499895,29938,49986,31770,81648,128538,95781,48045,34189,250364,346019,17072,43026,31728,68167,105510,59582,14243,6691,3217,24,100,20,203,836,799,434,801,352,0,0,0,6,17,65,55,209,3647,0,0,0,0,0,0,0,3647,0.5008331749667431,0.006435351423798997,0.0008016567572984168,0.0020005601568439165,0.0006295247088448222,0.0024862825788751716,0.006503913239664535,0.008341946732650526,0.009033198043500884,0.02342858814238498,0.0007041478710529211,0.0,0.0,0.0,7.348618459729571e-05,0.00013225660894054675,0.0006786314613545484,0.0011447601207201581,0.006113077305566118,0.007295532061732964,0.0,0.0,0.0,0.0,0.0,0.0,0.0,0.10667173652344321,0.049338331132105465,0.12434577291998417,0.09169438672442842,0.1970036327484907,0.30492545207055105,0.1721928564616394,0.04116247951702074,0.019337088425780087,0.007460366801367734,0.031084861672365557,0.006216972334473112,0.06310226919490208,0.2598694435809761,0.2483680447622008,0.13490829965806653,0.2489897419956481,0.0,0.0,0.0,0.017045454545454544,0.048295454545454544,0.1846590909090909,0.15625,0.59375,48,5582,326,626,436,1060,1649,1057,297,131,38,1,2,0,1,13,8,8,5,5581,1,0,38,0,0,1,0,0.011166322595099781,0.010889170953303494,0.012523757127138142,0.013723638652817123,0.012982718287261014,0.012829090682765918,0.011035361181002892,0.006181704651888854,0.0038313055685540477,7.601581128874806e-05,3.340236488743403e-05,4.0012003601080326e-05,0.0,1.2247847440812277e-05,0.00010113898051907637,8.35221281438251e-05,0.0001665105630138412,0.00014623303696771175,0.9998208527409531,0.00017914725904693657,0.0,1.0,0.0,0.0,0.00017914725904693657,0.0,[0],0.903846153846154,499895,29938,49986,31770,81648,128538,95781,48045,34189,250364,346019,17072,43026,31728,68167,105510,59582,14243,6691,3217,24,100,20,203,836,799,434,801,352,3647,0,0,0,0,0,0,0,3647,0.5008331749667431,0.006435351423798997,0.0008016567572984168,0.0020005601568439165,0.0006295247088448222,0.0024862825788751716,0.006503913239664535,0.008341946732650526,0.009033198043500884,0.02342858814238498,0.0007041478710529211,0.007295532061732964,0.0,0.0,0.0,0.0,0.0,0.0,0.0,0.10667173652344321,0.049338331132105465,0.12434577291998417,0.09169438672442842,0.1970036327484907,0.30492545207055105,0.1721928564616394,0.04116247951702074,0.019337088425780087,48,5582,326,626,436,1060,1649,1057,297,131,38,1,2,0,1,13,8,8,5,5581,1,0,38,0,0,1,0,0.011166322595099781,0.010889170953303494,0.012523757127138142,0.013723638652817123,0.012982718287261014,0.012829090682765918,0.011035361181002892,0.006181704651888854,0.0038313055685540477,7.601581128874806e-05,3.340236488743403e-05,4.0012003601080326e-05,0.0,1.2247847440812277e-05,0.00010113898051907637,8.35221281438251e-05,0.0001665105630138412,0.00014623303696771175,0.9998208527409531,0.00017914725904693657,0.0,1.0,0.0,0.0,0.00017914725904693657,0.0,[0]
0.9423076923076924,499892,29938,49986,31770,81648,128538,95781,48044,34187,249902,351947,17422,43762,32169,69305,107195,60695,14567,6832,3276,24,101,21,207,852,814,440,817,356,0,0,0,6,17,66,56,211,4945,0,0,0,0,0,0,0,4945,0.4999119809878934,0.0065534155377561555,0.0008016567572984168,0.0020205657584123553,0.0006610009442870633,0.002535273368606702,0.006628390048079167,0.008498553992963113,0.009158271584380984,0.023897972913680638,0.0007121538252262489,0.0,0.0,0.0,7.348618459729571e-05,0.00013225660894054675,0.0006890719453753876,0.0011655982016484888,0.0061719367010852075,0.00989213670152753,0.0,0.0,0.0,0.0,0.0,0.0,0.0,0.1446456255301723,0.04950177157356079,0.12434258567341105,0.09140296692399708,0.19691885425930608,0.30457710962161916,0.17245494350001564,0.041389754707384915,0.019412013740705277,0.007326007326007326,0.030830280830280832,0.00641025641025641,0.06318681318681318,0.2600732600732601,0.24847374847374848,0.1343101343101343,0.2493894993894994,0.0,0.0,0.0,0.016853932584269662,0.047752808988764044,0.1853932584269663,0.15730337078651685,0.5926966292134831,49,5928,350,736,441,1138,1685,1113,324,141,59,0,1,1,4,16,15,6,16,5928,0,0,59,0,0,0,0,0.01185849028295942,0.01169082771060191,0.014724122754371224,0.013881019830028329,0.013937879678620419,0.013108963886165958,0.011620258715194036,0.006743677802060568,0.004124133493228817,0.00011802478520489303,0.0,2.0005601568439162e-05,3.147623544224111e-05,4.899078973153047e-05,0.00012447680841463224,0.0001566072603125881,0.0001248829222603809,0.0004679867793734827,1.0,0.0,0.0,1.0,0.0,0.0,0.0,0.0,[1],0.9230769230769231,499892,29938,49986,31770,81648,128538,95781,48044,34187,249902,351947,17422,43762,32169,69305,107195,60695,14567,6832,3276,24,101,21,207,852,814,440,817,356,4945,0,0,0,0,0,0,0,4945,0.4999119809878934,0.0065534155377561555,0.0008016567572984168,0.0020205657584123553,0.0006610009442870633,0.002535273368606702,0.006628390048079167,0.008498553992963113,0.009158271584380984,0.023897972913680638,0.0007121538252262489,0.00989213670152753,0.0,0.0,0.0,0.0,0.0,0.0,0.0,0.1446456255301723,0.04950177157356079,0.12434258567341105,0.09140296692399708,0.19691885425930608,0.30457710962161916,0.17245494350001564,0.041389754707384915,0.019412013740705277,49,5928,350,736,441,1138,1685,1113,324,141,59,0,1,1,4,16,15,6,16,5928,0,0,59,0,0,0,0,0.01185849028295942,0.01169082771060191,0.014724122754371224,0.013881019830028329,0.013937879678620419,0.013108963886165958,0.011620258715194036,0.006743677802060568,0.004124133493228817,0.00011802478520489303,0.0,2.0005601568439162e-05,3.147623544224111e-05,4.899078973153047e-05,0.00012447680841463224,0.0001566072603125881,0.0001248829222603809,0.0004679867793734827,1.0,0.0,0.0,1.0,0.0,0.0,0.0,0.0,[1]
0.9615384615384616,499891,29939,49987,31771,81647,128538,95781,48044,34184,242750,358353,17813,44535,32649,70498,109068,61917,14881,6992,3342,24,102,22,212,871,823,455,833,361,0,0,0,7,17,66,57,214,6230,0,0,0,0,0,0,0,6230,0.485605862077933,0.006685457429719679,0.000801629980961288,0.0020405305379398646,0.0006924553838406094,0.0025965436574522027,0.006776206258071543,0.008592518349150667,0.009470485388393972,0.024368125438801777,0.0007221574303198097,0.0,0.0,0.0,8.573493208568594e-05,0.00013225660894054675,0.0006890719453753876,0.0011864124552493547,0.006260238708167564,0.012462716872278156,0.0,0.0,0.0,0.0,0.0,0.0,0.0,0.18224900538263514,0.049707969516091674,0.12427690015152656,0.0911084879992633,0.1967278074970769,0.3043591095930549,0.17278214497994993,0.04152609298652446,0.019511487276512265,0.00718132854578097,0.03052064631956912,0.006582884500299222,0.06343506882106523,0.260622381807301,0.24625972471573906,0.13614602034709755,0.2492519449431478,0.0,0.0,0.0,0.019390581717451522,0.04709141274238227,0.18282548476454294,0.15789473684210525,0.592797783933518,50,6406,391,773,480,1193,1873,1222,314,160,66,0,1,1,5,19,9,15,16,6406,0,0,66,0,0,0,0,0.012814767989885815,0.013060324670986705,0.015464330012403472,0.015108593012275733,0.014611503037428964,0.014571566385037888,0.01275827147346551,0.006535675630671884,0.004680141574282622,0.00013202851815992254,0.0,2.0005601568439162e-05,3.147623544224111e-05,6.123848716441308e-05,0.0001478162099923758,9.396435618755285e-05,0.0003122138040129881,0.0004680141574282622,1.0,0.0,0.0,1.0,0.0,0.0,0.0,0.0,[0],0.9423076923076924,499891,29939,49987,31771,81647,128538,95781,48044,34184,242750,358353,17813,44535,32649,70498,109068,61917,14881,6992,3342,24,102,22,212,871,823,455,833,361,6230,0,0,0,0,0,0,0,6230,0.485605862077933,0.006685457429719679,0.000801629980961288,0.0020405305379398646,0.0006924553838406094,0.0025965436574522027,0.006776206258071543,0.008592518349150667,0.009470485388393972,0.024368125438801777,0.0007221574303198097,0.012462716872278156,0.0,0.0,0.0,0.0,0.0,0.0,0.0,0.18224900538263514,0.049707969516091674,0.12427690015152656,0.0911084879992633,0.1967278074970769,0.3043591095930549,0.17278214497994993,0.04152609298652446,0.019511487276512265,50,6406,391,773,480,1193,1873,1222,314,160,66,0,1,1,5,19,9,15,16,6406,0,0,66,0,0,0,0,0.012814767989885815,0.013060324670986705,0.015464330012403472,0.015108593012275733,0.014611503037428964,0.014571566385037888,0.01275827147346551,0.006535675630671884,0.004680141574282622,0.00013202851815992254,0.0,2.0005601568439162e-05,3.147623544224111e-05,6.123848716441308e-05,0.0001478162099923758,9.396435618755285e-05,0.0003122138040129881,0.0004680141574282622,1.0,0.0,0.0,1.0,0.0,0.0,0.0,0.0,[0]
0.9807692307692308,499880,29939,49987,31771,81645,128538,95782,48040,34178,242136,364931,18219,45290,33161,71750,111023,63129,15212,7147,3422,24,103,23,217,889,837,471,858,373,0,0,0,9,17,66,61,220,7482,0,0,0,0,0,0,0,7482,0.4843882531807634,0.0068456429543090344,0.000801629980961288,0.002060535739292216,0.000723930628560637,0.002657848000489926,0.0069162426675380044,0.008738593890292539,0.009804329725228976,0.025103867985253672,0.0007461790829799152,0.0,0.0,0.0,0.0001102333272092596,0.00013225660894054675,0.0006890647512058633,0.00126977518734388,0.006436889226988121,0.014967592222133312,0.0,0.0,0.0,0.0,0.0,0.0,0.0,0.2189127508923869,0.04992450627652899,0.12410565284944278,0.0908692328138744,0.19661251031016821,0.30423011473401823,0.17298886638844055,0.0416845924298018,0.01958452419772505,0.0070134424313267095,0.03009935710111046,0.0067212156633547635,0.06341320864991233,0.2597895967270602,0.244593804792519,0.13763880771478668,0.25073056691992984,0.0,0.0,0.0,0.024128686327077747,0.045576407506702415,0.1769436997319035,0.16353887399463807,0.5898123324396782,51,6578,406,755,512,1252,1955,1212,331,155,80,0,1,1,5,18,14,16,25,6578,0,0,80,0,0,0,0,0.013158868633362074,0.013560907177928454,0.015103927021025467,0.01611532529665418,0.01533430499589697,0.015209510028162877,0.012653866633257118,0.006889517941886604,0.004534285045635385,0.000160034887605498,0.0,2.000520135235161e-05,3.1475244720027696e-05,6.123923720406138e-05,0.0001400364094664613,0.00014616677629174888,0.000333028057613854,0.0007313362976831266,1.0,0.0,0.0,1.0,0.0,0.0,0.0,0.0,[1],0.9615384615384616,499880,29939,49987,31771,81645,128538,95782,48040,34178,242136,364931,18219,45290,33161,71750,111023,63129,15212,7147,3422,24,103,23,217,889,837,471,858,373,7482,0,0,0,0,0,0,0,7482,0.4843882531807634,0.0068456429543090344,0.000801629980961288,0.002060535739292216,0.000723930628560637,0.002657848000489926,0.0069162426675380044,0.008738593890292539,0.009804329725228976,0.025103867985253672,0.0007461790829799152,0.014967592222133312,0.0,0.0,0.0,0.0,0.0,0.0,0.0,0.2189127508923869,0.04992450627652899,0.12410565284944278,0.0908692328138744,0.19661251031016821,0.30423011473401823,0.17298886638844055,0.0416845924298018,0.01958452419772505,51,6578,406,755,512,1252,1955,1212,331,155,80,0,1,1,5,18,14,16,25,6578,0,0,80,0,0,0,0,0.013158868633362074,0.013560907177928454,0.015103927021025467,0.01611532529665418,0.01533430499589697,0.015209510028162877,0.012653866633257118,0.006889517941886604,0.004534285045635385,0.000160034887605498,0.0,2.000520135235161e-05,3.1475244720027696e-05,6.123923720406138e-05,0.0001400364094664613,0.00014616677629174888,0.000333028057613854,0.0007313362976831266,1.0,0.0,0.0,1.0,0.0,0.0,0.0,0.0,[1]
1.0,499878,29939,49988,31771,81646,128539,95782,48039,34172,242318,369004,18467,45781,33495,72521,112206,63853,15443,7238,3470,24,103,23,219,903,849,475,874,381,0,0,0,9,17,67,62,226,8682,0,0,0,0,0,0,0,8682,0.4847542800443308,0.0069416937732806805,0.000801629980961288,0.002060494518684484,0.000723930628560637,0.00268231144207922,0.007025105220983515,0.008863878390511786,0.009887799496242636,0.0255764953763315,0.0007621859733775041,0.0,0.0,0.0,0.00011023197707174877,0.0001322555800185158,0.000699505126224134,0.0012906180395095652,0.006613601779234461,0.01736823785003541,0.0,0.0,0.0,0.0,0.0,0.0,0.0,0.25406765773147605,0.050045527961756514,0.12406640578421914,0.09077137375204605,0.19653174491333428,0.30407800457447615,0.1730414846451529,0.04185049484558433,0.01961496352343064,0.0069164265129683,0.02968299711815562,0.006628242074927954,0.06311239193083573,0.2602305475504323,0.2446685878962536,0.13688760806916425,0.2518731988472622,0.0,0.0,0.0,0.023622047244094488,0.04461942257217848,0.17585301837270342,0.16272965879265092,0.5931758530183727,52,4073,248,491,334,771,1183,724,231,91,48,0,0,0,2,14,12,4,16,4073,0,0,48,0,0,0,0,0.008147955509322237,0.008283509803266642,0.009822553864004642,0.01051273173648925,0.00944332169759324,0.009203504022156871,0.007558831513227955,0.004808492922564529,0.00266253145298145,9.602304553092743e-05,0.0,0.0,0.0,2.449629493539102e-05,0.00010891720736280321,0.0001252845002192479,8.326394671107411e-05,0.0004681373983264088,1.0,0.0,0.0,1.0,0.0,0.0,0.0,0.0,[1],0.9807692307692308,499878,29939,49988,31771,81646,128539,95782,48039,34172,242318,369004,18467,45781,33495,72521,112206,63853,15443,7238,3470,24,103,23,219,903,849,475,874,381,8682,0,0,0,0,0,0,0,8682,0.4847542800443308,0.0069416937732806805,0.000801629980961288,0.002060494518684484,0.000723930628560637,0.00268231144207922,0.007025105220983515,0.008863878390511786,0.009887799496242636,0.0255764953763315,0.0007621859733775041,0.01736823785003541,0.0,0.0,0.0,0.0,0.0,0.0,0.0,0.25406765773147605,0.050045527961756514,0.12406640578421914,0.09077137375204605,0.19653174491333428,0.30407800457447615,0.1730414846451529,0.04185049484558433,0.01961496352343064,52,4073,248,491,334,771,1183,724,231,91,48,0,0,0,2,14,12,4,16,4073,0,0,48,0,0,0,0,0.008147955509322237,0.008283509803266642,0.009822553864004642,0.01051273173648925,0.00944332169759324,0.009203504022156871,0.007558831513227955,0.004808492922564529,0.00266253145298145,9.602304553092743e-05,0.0,0.0,0.0,2.449629493539102e-05,0.00010891720736280321,0.0001252845002192479,8.326394671107411e-05,0.0004681373983264088,1.0,0.0,0.0,1.0,0.0,0.0,0.0,0.0,[1]
1.0192307692307694,499878,29940,49988,31771,81647,128540,95782,48038,34172,237431,373969,18774,46366,33886,73372,113738,64789,15703,7341,3500,25,105,23,222,911,854,478,882,383,0,0,0,9,17,67,63,227,10793,0,0,0,969,0,0,0,9824,0.4749778946062839,0.007001708416853713,0.0008350033400133601,0.0021005041209890374,0.000723930628560637,0.0027190221318603254,0.007087288003734246,0.00891608026560314,0.009950455889087806,0.025810605173826523,0.0007661869496157062,0.0,0.0,0.0,0.0001102306269673105,0.00013225455111249415,0.000699505126224134,0.001311461759440443,0.006642865503921339,0.021591268269457748,0.0,0.0,0.0,0.011868164170147097,0.0,0.0,0.0,0.2874868313238909,0.05020202209274031,0.1239835387425161,0.09061178867767114,0.19619808058956759,0.30413750872398515,0.17324698036468264,0.04199011147982854,0.019629969329008554,0.007142857142857143,0.03,0.006571428571428572,0.06342857142857143,0.2602857142857143,0.244,0.13657142857142857,0.252,0.0,0.0,0.0,0.02349869451697128,0.044386422976501305,0.17493472584856398,0.16449086161879894,0.5926892950391645,53,4965,307,585,391,851,1532,936,260,103,30,1,2,0,3,8,5,3,8,4965,0,0,30,0,0,0,0,0.009932423511336766,0.010254183506463142,0.01170280867408178,0.01230682068553083,0.010423045832006468,0.0119185616816686,0.009772191017101334,0.005412269197943338,0.003014163642748449,6.001464357303182e-05,3.340124920672033e-05,4.000960230455309e-05,0.0,3.674399235724959e-05,6.22379200087133e-05,5.220187509135328e-05,6.244925997626928e-05,0.00023410979749502515,1.0,0.0,0.0,1.0,0.0,0.0,0.0,0.0,[0],1.0,499878,29940,49988,31771,81647,128540,95782,48038,34172,237431,373969,18774,46366,33886,73372,113738,64789,15703,7341,3500,25,105,23,222,911,854,478,882,383,10793,0,0,0,969,0,0,0,9824,0.4749778946062839,0.007001708416853713,0.0008350033400133601,0.0021005041209890374,0.000723930628560637,0.0027190221318603254,0.007087288003734246,0.00891608026560314,0.009950455889087806,0.025810605173826523,0.0007661869496157062,0.021591268269457748,0.0,0.0,0.0,0.011868164170147097,0.0,0.0,0.0,0.2874868313238909,0.05020202209274031,0.1239835387425161,0.09061178867767114,0.19619808058956759,0.30413750872398515,0.17324698036468264,0.04199011147982854,0.019629969329008554,53,4965,307,585,391,851,1532,936,260,103,30,1,2,0,3,8,5,3,8,4965,0,0,30,0,0,0,0,0.009932423511336766,0.010254183506463142,0.01170280867408178,0.01230682068553083,0.010423045832006468,0.0119185616816686,0.009772191017101334,0.005412269197943338,0.003014163642748449,6.001464357303182e-05,3.340124920672033e-05,4.000960230455309e-05,0.0,3.674399235724959e-05,6.22379200087133e-05,5.220187509135328e-05,6.244925997626928e-05,0.00023410979749502515,1.0,0.0,0.0,1.0,0.0,0.0,0.0,0.0,[0]
1.0384615384615385,499876,29940,49989,31771,81647,128540,95781,48037,34170,229491,381549,19225,47228,34447,74767,115941,66302,16131,7508,3567,25,106,23,230,919,871,488,905,389,0,0,0,9,18,68,64,230,15227,0,0,0,4362,0,0,0,10865,0.4590958557722315,0.007135769670878378,0.0008350033400133601,0.0021204665026305788,0.000723930628560637,0.0028170049113868238,0.007149525439551891,0.009093661582150948,0.010158835897329141,0.026485220954053264,0.0007781929918619818,0.0,0.0,0.0,0.0001102306269673105,0.0001400342305896997,0.000709952913417066,0.001332306347190707,0.006731050629206907,0.030461554465507447,0.0,0.0,0.0,0.05342511053682315,0.0,0.0,0.0,0.31796897863623064,0.05038671310893227,0.12377964560253074,0.0902819821307355,0.19595648265360413,0.30386922780560294,0.17377060351357232,0.042277662895198256,0.01967768228982385,0.007008690776562938,0.02971684889262686,0.006447995514437903,0.06447995514437903,0.2576394729464536,0.24418278665545276,0.13680964395850856,0.25371460611157837,0.0,0.0,0.0,0.02313624678663239,0.04627249357326478,0.17480719794344474,0.16452442159383032,0.5912596401028277,54,7580,451,862,561,1395,2203,1513,428,167,67,0,1,0,8,8,17,10,23,7580,0,0,67,0,0,0,0,0.01516369994278604,0.015063460253841015,0.017244138593262383,0.01765761228793554,0.017085747179933126,0.0171386338882838,0.015796287402643504,0.008909613222865232,0.00488704202270865,0.00013403270397977106,0.0,2.0004801152276545e-05,0.0,9.798277952649821e-05,6.223743581764431e-05,0.00017748637531060115,0.00020816853324451476,0.0006730656677981973,1.0,0.0,0.0,1.0,0.0,0.0,0.0,0.0,[0],1.0192307692307694,499876,29940,49989,31771,81647,128540,95781,48037,34170,229491,381549,19225,47228,34447,74767,115941,66302,16131,7508,3567,25,106,23,230,919,871,488,905,389,15227,0,0,0,4362,0,0,0,10865,0.4590958557722315,0.007135769670878378,0.0008350033400133601,0.0021204665026305788,0.000723930628560637,0.0028170049113868238,0.007149525439551891,0.009093661582150948,0.010158835897329141,0.026485220954053264,0.0007781929918619818,0.030461554465507447,0.0,0.0,0.0,0.05342511053682315,0.0,0.0,0.0,0.31796897863623064,0.05038671310893227,0.12377964560253074,0.0902819821307355,0.19595648265360413,0.30386922780560294,0.17377060351357232,0.042277662895198256,0.01967768228982385,54,7580,451,862,561,1395,2203,1513,428,167,67,0,1,0,8,8,17,10,23,7580,0,0,67,0,0,0,0,0.01516369994278604,0.015063460253841015,0.017244138593262383,0.01765761228793554,0.017085747179933126,0.0171386338882838,0.015796287402643504,0.008909613222865232,0.00488704202270865,0.00013403270397977106,0.0,2.0004801152276545e-05,0.0,9.798277952649821e-05,6.223743581764431e-05,0.00017748637531060115,0.00020816853324451476,0.0006730656677981973,1.0,0.0,0.0,1.0,0.0,0.0,0.0,0.0,[0]
1.0576923076923077,499876,29940,49990,31772,81648,128540,95782,48037,34165,228128,388468,19652,47961,35012,76071,117982,67637,16500,7653,3638,25,109,27,230,935,892,496,924,396,0,0,0,9,18,69,64,236,19404,0,0,0,7485,0,0,0,11919,0.45636917955653,0.007277804895614112,0.0008350033400133601,0.0021804360872174433,0.0008498048596248268,0.0028169704095630022,0.007274000311187179,0.009312814516297426,0.01032537419072798,0.027045221718132593,0.0007921964647232514,0.0,0.0,0.0,0.00011022927689594356,0.0001400342305896997,0.0007203858762606753,0.001332306347190707,0.006907654031903995,0.038817626771439316,0.0,0.0,0.0,0.09167401528512639,0.0,0.0,0.0,0.34886579833162595,0.0505884654591884,0.12346190677224379,0.09012840182460331,0.19582307937848162,0.30371098777762906,0.17411215338200314,0.04247454101753555,0.019700464388315124,0.006871907641561297,0.029961517317207257,0.007421660252886202,0.06322155030236394,0.2570093457943925,0.24518966465090708,0.13633864760857614,0.25398570643210555,0.0,0.0,0.0,0.022727272727272728,0.045454545454545456,0.17424242424242425,0.16161616161616163,0.5959595959595959,55,6919,427,733,565,1304,2041,1335,369,145,71,0,3,4,0,16,21,8,19,6919,0,0,71,0,0,0,0,0.013841432675303475,0.01426185704742819,0.014663225909700135,0.01778351326681565,0.01597119306281921,0.015878325812976504,0.01393804616782034,0.007681578783021421,0.0042434884401521804,0.00014203522473573446,0.0,6.001320290463902e-05,0.00012590097888011078,0.0,0.00012447487163528862,0.00021925016443762334,0.00016653829339883838,0.0005560433128475271,1.0,0.0,0.0,1.0,0.0,0.0,0.0,0.0,[1],1.0384615384615385,499876,29940,49990,31772,81648,128540,95782,48037,34165,228128,388468,19652,47961,35012,76071,117982,67637,16500,7653,3638,25,109,27,230,935,892,496,924,396,19404,0,0,0,7485,0,0,0,11919,0.45636917955653,0.007277804895614112,0.0008350033400133601,0.0021804360872174433,0.0008498048596248268,0.0028169704095630022,0.007274000311187179,0.009312814516297426,0.01032537419072798,0.027045221718132593,0.0007921964647232514,0.038817626771439316,0.0,0.0,0.0,0.09167401528512639,0.0,0.0,0.0,0.34886579833162595,0.0505884654591884,0.12346190677224379,0.09012840182460331,0.19582307937848162,0.30371098777762906,0.17411215338200314,0.04247454101753555,0.019700464388315124,55,6919,427,733,565,1304,2041,1335,369,145,71,0,3,4,0,16,21,8,19,6919,0,0,71,0,0,0,0,0.013841432675303475,0.01426185704742819,0.014663225909700135,0.01778351326681565,0.01597119306281921,0.015878325812976504,0.01393804616782034,0.007681578783021421,0.0042434884401521804,0.00014203522473573446,0.0,6.001320290463902e-05,0.00012590097888011078,0.0,0.00012447487163528862,0.00021925016443762334,0.00016653829339883838,0.0005560433128475271,1.0,0.0,0.0,1.0,0.0,0.0,0.0,0.0,[1]
1.076923076923077,499874,29940,49990,31772,81649,128541,95783,48036,34162,226438,392553,19885,48400,35359,76863,119187,68425,16709,7725,3687,26,111,27,233,948,902,506,934,401,0,0,0,9,18,69,66,239,25289,0,0,0,10598,0,0,1776,12915,0.4529901535186867,0.007375858716396532,0.0008684034736138944,0.0022204440888177637,0.0008498048596248268,0.002853678550870188,0.007375078768641912,0.009417119948216281,0.010533766341910234,0.027340319653416077,0.0008022021549430456,0.0,0.0,0.0,0.00011022792685764676,0.00014003314117674517,0.0007203783552404916,0.0013739695228578567,0.006996077513026169,0.05059074886871492,0.0,0.0,0.0,0.12979950764859338,0.0,0.0,0.03697227079690232,0.3780516363210585,0.05065558026559471,0.123295453098053,0.09007446128293504,0.1958028597412324,0.3036201481073893,0.174307673104014,0.04256495301271421,0.019678871388067343,0.007051803634391104,0.030105777054515868,0.007323026851098454,0.06319500949281258,0.25711960943856793,0.24464334147002983,0.13723894765391917,0.25332248440466504,0.0,0.0,0.0,0.022443890274314215,0.04488778054862843,0.17206982543640897,0.16458852867830423,0.5960099750623441,56,4085,233,439,347,792,1205,788,209,72,49,1,2,0,3,13,10,10,10,4085,0,0,49,0,0,0,0,0.008172026662612328,0.007782231128924516,0.008781756351270254,0.010921566158882035,0.009700176366843033,0.009374513770032674,0.008227015514397277,0.004350812915044653,0.0021074198741402018,9.802431002888716e-05,3.34001336005344e-05,4.000800160032006e-05,0.0,3.6743092298647854e-05,0.000101135833203672,0.00010440375018270656,0.000208172866748548,0.0002926972047416947,1.0,0.0,0.0,1.0,0.0,0.0,0.0,0.0,[1],1.0576923076923077,499874,29940,49990,31772,81649,128541,95783,48036,34162,226438,392553,19885,48400,35359,76863,119187,68425,16709,7725,3687,26,111,27,233,948,902,506,934,401,25289,0,0,0,10598,0,0,1776,12915,0.4529901535186867,0.007375858716396532,0.0008684034736138944,0.0022204440888177637,0.0008498048596248268,0.002853678550870188,0.007375078768641912,0.009417119948216281,0.010533766341910234,0.027340319653416077,0.0008022021549430456,0.05059074886871492,0.0,0.0,0.0,0.12979950764859338,0.0,0.0,0.03697227079690232,0.3780516363210585,0.05065558026559471,0.123295453098053,0.09007446128293504,0.1958028597412324,0.3036201481073893,0.174307673104014,0.04256495301271421,0.019678871388067343,56,4085,233,439,347,792,1205,788,209,72,49,1,2,0,3,13,10,10,10,4085,0,0,49,0,0,0,0,0.008172026662612328,0.007782231128924516,0.008781756351270254,0.010921566158882035,0.009700176366843033,0.009374513770032674,0.008227015514397277,0.004350812915044653,0.0021074198741402018,9.802431002888716e-05,3.34001336005344e-05,4.000800160032006e-05,0.0,3.6743092298647854e-05,0.000101135833203672,0.00010440375018270656,0.000208172866748548,0.0002926972047416947,1.0,0.0,0.0,1.0,0.0,0.0,0.0,0.0,[1]
1.0961538461538463,499872,29940,49991,31773,81649,128541,95783,48035,34160,220041,397207,20190,48930,35712,77721,120576,69309,16964,7805,3724,26,114,27,234,958,908,513,944,405,0,0,0,9,18,70,67,241,32319,0,0,976,13610,0,0,3783,13950,0.4401946898405992,0.0074499071762371165,0.0008684034736138944,0.0022804104738852996,0.0008497781134925881,0.0028659260982988157,0.007452874958184548,0.00947976154432415,0.01067971270948267,0.02763466042154567,0.000810207413097753,0.0,0.0,0.0,0.00011022792685764676,0.00014003314117674517,0.0007308186212584696,0.001394816279795982,0.007055035128805621,0.0646545515652007,0.0,0.0,0.030717905139583924,0.16668912050361914,0.0,0.0,0.07875507442489851,0.40837236533957844,0.050829919915812156,0.12318514024173793,0.08990778108140088,0.19566875709642578,0.303559604941504,0.1744908825876684,0.04270821007686169,0.0196497040585891,0.006981740064446832,0.030612244897959183,0.007250268528464017,0.06283566058002148,0.257250268528464,0.24382384532760473,0.1377551020408163,0.2534908700322234,0.0,0.0,0.0,0.022222222222222223,0.044444444444444446,0.1728395061728395,0.1654320987654321,0.5950617283950618,57,4654,305,530,353,858,1389,884,255,80,37,0,3,0,1,10,6,7,10,4654,0,0,37,0,0,0,0,0.009310346207244226,0.010187040748162993,0.010602120424084817,0.011110411683243107,0.010508395693762324,0.010805890727472168,0.009229195159892675,0.005308518611041719,0.0023417832679585504,7.401865270048052e-05,0.0,6.00120024004801e-05,0.0,1.2247547428627417e-05,7.77961895426362e-05,6.264159610786884e-05,0.000145724040303106,0.0002927229084948188,1.0,0.0,0.0,1.0,0.0,0.0,0.0,0.0,[0],1.076923076923077,499872,29940,49991,31773,81649,128541,95783,48035,34160,220041,397207,20190,48930,35712,77721,120576,69309,16964,7805,3724,26,114,27,234,958,908,513,944,405,32319,0,0,976,13610,0,0,3783,13950,0.4401946898405992,0.0074499071762371165,0.0008684034736138944,0.0022804104738852996,0.0008497781134925881,0.0028659260982988157,0.007452874958184548,0.00947976154432415,0.01067971270948267,0.02763466042154567,0.000810207413097753,0.0646545515652007,0.0,0.0,0.030717905139583924,0.16668912050361914,0.0,0.0,0.07875507442489851,0.40837236533957844,0.050829919915812156,0.12318514024173793,0.08990778108140088,0.19566875709642578,0.303559604941504,0.1744908825876684,0.04270821007686169,0.0196497040585891,57,4654,305,530,353,858,1389,884,255,80,37,0,3,0,1,10,6,7,10,4654,0,0,37,0,0,0,0,0.009310346207244226,0.010187040748162993,0.010602120424084817,0.011110411683243107,0.010508395693762324,0.010805890727472168,0.009229195159892675,0.005308518611041719,0.0023417832679585504,7.401865270048052e-05,0.0,6.00120024004801e-05,0.0,1.2247547428627417e-05,7.77961895426362e-05,6.264159610786884e-05,0.000145724040303106,0.0002927229084948188,1.0,0.0,0.0,1.0,0.0,0.0,0.0,0.0,[0]
1.1153846153846154,499875,29940,49991,31773,81650,128544,95785,48036,34156,218624,401861,20453,49485,36060,78495,122008,70259,17214,7887,3767,26,114,27,236,969,922,518,955,409,0,0,0,9,18,70,67,245,39489,0,0,2329,16588,0,0,5669,14903,0.43735733933483373,0.007535883970992748,0.0008684034736138944,0.0022804104738852996,0.0008497781134925881,0.0028903857930189835,0.007538274831964152,0.009625724278331681,0.010783578982429844,0.027959948471718,0.0008182045511377844,0.0,0.0,0.0,0.00011022657685241886,0.00014002987303958177,0.0007308033616954638,0.0013947872429011575,0.007172971073896241,0.07899774943735934,0.0,0.0,0.07330123060460139,0.203159828536436,0.0,0.0,0.11801565492547256,0.4363215833235742,0.050895707719833476,0.12313959304336575,0.08973251945324379,0.19532873306939463,0.3036074662632104,0.1748340844222256,0.04283570687376979,0.019626189154956564,0.006902044066896735,0.03026280860100876,0.007167507300238917,0.06264932306875498,0.2572338731085745,0.2447571011414919,0.13750995487125034,0.2535173878417839,0.0,0.0,0.0,0.022004889975550123,0.044009779951100246,0.17114914425427874,0.16381418092909536,0.5990220048899756,58,4654,263,555,348,774,1432,950,250,82,43,0,0,0,2,11,14,5,11,4654,0,0,43,0,0,0,0,0.00931038345816529,0.008784235136940547,0.011101998359704747,0.010952695685015579,0.009479601709757621,0.011140414342505504,0.009918252717079232,0.005204538357447695,0.0024004683840749413,8.602202163753921e-05,0.0,0.0,0.0,2.4495094857254835e-05,8.557580849689982e-05,0.00014616372425169393,0.00010409076714895389,0.00032201405152224824,1.0,0.0,0.0,1.0,0.0,0.0,0.0,0.0,[1],1.0961538461538463,499875,29940,49991,31773,81650,128544,95785,48036,34156,218624,401861,20453,49485,36060,78495,122008,70259,17214,7887,3767,26,114,27,236,969,922,518,955,409,39489,0,0,2329,16588,0,0,5669,14903,0.43735733933483373,0.007535883970992748,0.0008684034736138944,0.0022804104738852996,0.0008497781134925881,0.0028903857930189835,0.007538274831964152,0.009625724278331681,0.010783578982429844,0.027959948471718,0.0008182045511377844,0.07899774943735934,0.0,0.0,0.07330123060460139,0.203159828536436,0.0,0.0,0.11801565492547256,0.4363215833235742,0.050895707719833476,0.12313959304336575,0.08973251945324379,0.19532873306939463,0.3036074662632104,0.1748340844222256,0.04283570687376979,0.019626189154956564,58,4654,263,555,348,774,1432,950,250,82,43,0,0,0,2,11,14,5,11,4654,0,0,43,0,0,0,0,0.00931038345816529,0.008784235136940547,0.011101998359704747,0.010952695685015579,0.009479601709757621,0.011140414342505504,0.009918252717079232,0.005204538357447695,0.0024004683840749413,8.602202163753921e-05,0.0,0.0,0.0,2.4495094857254835e-05,8.557580849689982e-05,0.00014616372425169393,0.00010409076714895389,0.00032201405152224824,1.0,0.0,0.0,1.0,0.0,0.0,0.0,0.0,[1]
1.1346153846153848,499871,29940,49991,31773,81651,128543,95785,48036,34152,213082,406443,20754,50023,36417,79241,123363,71227,17436,7982,3822,26,116,27,237,987,936,523,970,414,0,0,0,9,19,70,67,249,46220,0,0,3515,19362,0,0,7481,15862,0.42627397868650113,0.007645972660946524,0.0008684034736138944,0.0023204176751815326,0.0008497781134925881,0.002902597641180145,0.0076783644383591485,0.009771884950670773,0.010887667582646348,0.028402436167720778,0.0008282136791292154,0.0,0.0,0.0,0.00011022522688025866,0.0001478104603128914,0.0007308033616954638,0.0013947872429011575,0.007290934645115953,0.09246385567476409,0.0,0.0,0.11062852107134989,0.2371312047617298,0.0,0.0,0.15573736364393373,0.46445303349730616,0.051062510610343885,0.12307506833676556,0.08959927960378208,0.19496214721375446,0.3035185745602704,0.1752447452656338,0.042899004288424206,0.01963867012102558,0.006802721088435374,0.030350601779173206,0.00706436420722135,0.06200941915227629,0.25824175824175827,0.24489795918367346,0.1368393511250654,0.25379382522239663,0.0,0.0,0.0,0.021739130434782608,0.04589371980676329,0.16908212560386474,0.16183574879227053,0.6014492753623188,59,4582,301,538,357,746,1355,968,222,95,55,0,2,0,1,18,14,5,15,4582,0,0,55,0,0,0,0,0.009166291572893222,0.010053440213760855,0.010761937148686763,0.011235955056179775,0.009136558481322719,0.010541137664924073,0.010105966487445842,0.00462153384961279,0.002781356130694461,0.00011002750687671918,0.0,4.000720129623332e-05,0.0,1.224739742804654e-05,0.00014002987303958177,0.00014616067233909276,0.00010408860021650429,0.00043916149432017803,1.0,0.0,0.0,1.0,0.0,0.0,0.0,0.0,[0],1.1153846153846154,499871,29940,49991,31773,81651,128543,95785,48036,34152,213082,406443,20754,50023,36417,79241,123363,71227,17436,7982,3822,26,116,27,237,987,936,523,970,414,46220,0,0,3515,19362,0,0,7481,15862,0.42627397868650113,0.007645972660946524,0.0008684034736138944,0.0023204176751815326,0.0008497781134925881,0.002902597641180145,0.0076783644383591485,0.009771884950670773,0.010887667582646348,0.028402436167720778,0.0008282136791292154,0.09246385567476409,0.0,0.0,0.11062852107134989,0.2371312047617298,0.0,0.0,0.15573736364393373,0.46445303349730616,0.051062510610343885,0.12307506833676556,0.08959927960378208,0.19496214721375446,0.3035185745602704,0.1752447452656338,0.042899004288424206,0.01963867012102558,59,4582,301,538,357,746,1355,968,222,95,55,0,2,0,1,18,14,5,15,4582,0,0,55,0,0,0,0,0.009166291572893222,0.010053440213760855,0.010761937148686763,0.011235955056179775,0.009136558481322719,0.010541137664924073,0.010105966487445842,0.00462153384961279,0.002781356130694461,0.00011002750687671918,0.0,4.000720129623332e-05,0.0,1.224739742804654e-05,0.00014002987303958177,0.00014616067233909276,0.00010408860021650429,0.00043916149432017803,1.0,0.0,0.0,1.0,0.0,0.0,0.0,0.0,[0]
1.153846153846154,499874,29941,49991,31773,81653,128545,95783,48037,34149,210925,410756,21021,50568,36738,79975,124676,72070,17631,8077,3869,26,119,28,239,999,951,530,977,420,0,0,0,9,19,73,67,252,55306,0,0,4716,22091,0,2364,9345,16790,0.42195633299591495,0.007739950467517814,0.0008683744697905881,0.0023804284771258826,0.0008812513769552765,0.0029270204401552914,0.007771597495040647,0.009928692983097209,0.011033161937673043,0.028609915370874695,0.0008402117333568059,0.0,0.0,0.0,0.0001102225270351365,0.00014780816056633863,0.000762139419312404,0.0013947582072152715,0.0073794254590178335,0.11063988125007503,0.0,0.0,0.1484279104900387,0.2705473160814667,0.0,0.024680788866500318,0.1945375439765181,0.4916688629242438,0.05117636747850305,0.12310958330493042,0.08943995948933187,0.194701964183116,0.30352812862137135,0.17545696228417845,0.04292329266036284,0.01966374197820604,0.006720082708710261,0.030757301628327734,0.00723701214784182,0.061773067976221244,0.2582062548462135,0.2457999483070561,0.136986301369863,0.25252003101576637,0.0,0.0,0.0,0.02142857142857143,0.04523809523809524,0.1738095238095238,0.1595238095238095,0.6,60,4313,267,545,321,734,1313,843,195,95,47,0,3,1,2,12,15,7,7,4313,0,0,47,0,0,0,0,0.008628226082329242,0.008917835671342685,0.01090196235322358,0.010102917571522992,0.00898947961445665,0.010214480757411916,0.008800960484418228,0.004059455408443667,0.0027816818927149213,9.402425825863073e-05,0.0,6.001080194434998e-05,3.147326346268845e-05,2.4494494862279704e-05,9.335397493445773e-05,0.00015660072036331366,0.000145724040303106,0.00020496603420004685,1.0,0.0,0.0,1.0,0.0,0.0,0.0,0.0,[1],1.1346153846153848,499874,29941,49991,31773,81653,128545,95783,48037,34149,210925,410756,21021,50568,36738,79975,124676,72070,17631,8077,3869,26,119,28,239,999,951,530,977,420,55306,0,0,4716,22091,0,2364,9345,16790,0.42195633299591495,0.007739950467517814,0.0008683744697905881,0.0023804284771258826,0.0008812513769552765,0.0029270204401552914,0.007771597495040647,0.009928692983097209,0.011033161937673043,0.028609915370874695,0.0008402117333568059,0.11063988125007503,0.0,0.0,0.1484279104900387,0.2705473160814667,0.0,0.024680788866500318,0.1945375439765181,0.4916688629242438,0.05117636747850305,0.12310958330493042,0.08943995948933187,0.194701964183116,0.30352812862137135,0.17545696228417845,0.04292329266036284,0.01966374197820604,60,4313,267,545,321,734,1313,843,195,95,47,0,3,1,2,12,15,7,7,4313,0,0,47,0,0,0,0,0.008628226082329242,0.008917835671342685,0.01090196235322358,0.010102917571522992,0.00898947961445665,0.010214480757411916,0.008800960484418228,0.004059455408443667,0.0027816818927149213,9.402425825863073e-05,0.0,6.001080194434998e-05,3.147326346268845e-05,2.4494494862279704e-05,9.335397493445773e-05,0.00015660072036331366,0.000145724040303106,0.00020496603420004685,1.0,0.0,0.0,1.0,0.0,0.0,0.0,0.0,[1]
1.1730769230769231,499874,29941,49991,31773,81653,128546,95787,48036,34147,204633,414888,21259,51085,37038,80673,125944,72894,17839,8156,3919,26,119,28,242,1012,963,538,991,423,0,0,0,9,19,73,68,254,65467,0,0,5859,24710,0,6305,10987,17606,0.4093691610285792,0.007839975673869815,0.0008683744697905881,0.0023804284771258826,0.0008812513769552765,0.0029637612825003366,0.007872668149922985,0.010053556328102979,0.01119993338329586,0.029021583155182006,0.000846213245737926,0.0,0.0,0.0,0.0001102225270351365,0.00014780701071989794,0.0007621075928883877,0.0014156049629444583,0.007438427973174803,0.1309670036849286,0.0,0.0,0.1844018506278916,0.3026220714486914,0.0,0.06582312839946966,0.22872429011574652,0.5155943421091165,0.05124033474094213,0.12312961570351516,0.08927228553248105,0.19444524787412507,0.30356144308825517,0.17569560941748136,0.04299714621777444,0.019658317425425658,0.006634345496300076,0.030364889002296506,0.007144679765246236,0.06175044654248533,0.25822914008675685,0.24572595049757592,0.13727991834651695,0.25287063026282214,0.0,0.0,0.0,0.02127659574468085,0.04491725768321513,0.17257683215130024,0.1607565011820331,0.6004728132387707,61,4132,238,517,300,698,1268,824,208,79,50,0,0,0,3,13,12,8,14,4132,0,0,50,0,0,0,0,0.008266083052929338,0.007948966300390768,0.010341861535076314,0.009441979038806534,0.008548369318947252,0.009864249873585126,0.008602779198813986,0.004329995628369799,0.0023133913145333687,0.0001000252063520007,0.0,0.0,0.0,3.67408423450455e-05,0.00010113189933486327,0.00012528319221573767,0.00016653829339883838,0.0004099680810565463,1.0,0.0,0.0,1.0,0.0,0.0,0.0,0.0,[0],1.153846153846154,499874,29941,49991,31773,81653,128546,95787,48036,34147,204633,414888,21259,51085,37038,80673,125944,72894,17839,8156,3919,26,119,28,242,1012,963,538,991,423,65467,0,0,5859,24710,0,6305,10987,17606,0.4093691610285792,0.007839975673869815,0.0008683744697905881,0.0023804284771258826,0.0008812513769552765,0.0029637612825003366,0.007872668149922985,0.010053556328102979,0.01119993338329586,0.029021583155182006,0.000846213245737926,0.1309670036849286,0.0,0.0,0.1844018506278916,0.3026220714486914,0.0,0.06582312839946966,0.22872429011574652,0.5155943421091165,0.05124033474094213,0.12312961570351516,0.08927228553248105,0.19444524787412507,0.30356144308825517,0.17569560941748136,0.04299714621777444,0.019658317425425658,61,4132,238,517,300,698,1268,824,208,79,50,0,0,0,3,13,12,8,14,4132,0,0,50,0,0,0,0,0.008266083052929338,0.007948966300390768,0.010341861535076314,0.009441979038806534,0.008548369318947252,0.009864249873585126,0.008602779198813986,0.004329995628369799,0.0023133913145333687,0.0001000252063520007,0.0,0.0,0.0,3.67408423450455e-05,0.00010113189933486327,0.00012528319221573767,0.00016653829339883838,0.0004099680810565463,1.0,0.0,0.0,1.0,0.0,0.0,0.0,0.0,[0]
1.1923076923076923,499871,29941,49991,31773,81653,128548,95786,48034,34145,202852,418736,21511,51591,37304,81282,127159,73649,18012,8228,3961,26,121,28,247,1020,975,545,999,429,0,0,0,9,19,74,70,257,75252,0,0,7031,27239,0,9980,12551,18451,0.40580869864425023,0.007924044403456091,0.0008683744697905881,0.002420435678422116,0.0008812513769552765,0.0030249960197420793,0.007934779226436817,0.01017894055498716,0.011346129824707498,0.02925757797627764,0.0008582214211266506,0.0,0.0,0.0,0.0001102225270351365,0.0001478047110806858,0.0007725554882759485,0.001457301078402798,0.007526724264167521,0.1505428400527336,0.0,0.0,0.22128851540616246,0.33359460154556475,0.0,0.10419059152694549,0.26129408335762166,0.5403719431834823,0.051371269726032634,0.12320650720262886,0.08908715754078943,0.19411275839669864,0.3036734362462267,0.1758840892591036,0.04301516946238203,0.019649612166138093,0.006563998990154002,0.03054784145417824,0.007068921989396617,0.06235799040646301,0.2575107296137339,0.24614996213077506,0.13759151729361271,0.25220903812168644,0.0,0.0,0.0,0.02097902097902098,0.04428904428904429,0.17249417249417248,0.16317016317016317,0.5990675990675991,62,3848,252,506,266,609,1215,755,173,72,42,0,2,0,5,8,12,7,8,3848,0,0,42,0,0,0,0,0.0076979398808499746,0.008416552553354932,0.010121821927947031,0.008371888081075127,0.007458390996044236,0.00945186936971979,0.007882071679873051,0.0036014655674910484,0.0021085307640495506,8.40211733356806e-05,0.0,4.000720129623332e-05,0.0,6.12347372417425e-05,6.22345308294307e-05,0.00012527796047480348,0.000145724040303106,0.0002342811960055056,1.0,0.0,0.0,1.0,0.0,0.0,0.0,0.0,[1],1.1730769230769231,499871,29941,49991,31773,81653,128548,95786,48034,34145,202852,418736,21511,51591,37304,81282,127159,73649,18012,8228,3961,26,121,28,247,1020,975,545,999,429,75252,0,0,7031,27239,0,9980,12551,18451,0.40580869864425023,0.007924044403456091,0.0008683744697905881,0.002420435678422116,0.0008812513769552765,0.0030249960197420793,0.007934779226436817,0.01017894055498716,0.011346129824707498,0.02925757797627764,0.0008582214211266506,0.1505428400527336,0.0,0.0,0.22128851540616246,0.33359460154556475,0.0,0.10419059152694549,0.26129408335762166,0.5403719431834823,0.051371269726032634,0.12320650720262886,0.08908715754078943,0.19411275839669864,0.3036734362462267,0.1758840892591036,0.04301516946238203,0.019649612166138093,62,3848,252,506,266,609,1215,755,173,72,42,0,2,0,5,8,12,7,8,3848,0,0,42,0,0,0,0,0.0076979398808499746,0.008416552553354932,0.010121821927947031,0.008371888081075127,0.007458390996044236,0.00945186936971979,0.007882071679873051,0.0036014655674910484,0.0021085307640495506,8.40211733356806e-05,0.0,4.000720129623332e-05,0.0,6.12347372417425e-05,6.22345308294307e-05,0.00012527796047480348,0.000145724040303106,0.0002342811960055056,1.0,0.0,0.0,1.0,0.0,0.0,0.0,0.0,[1]
1.2115384615384617,499872,29941,49992,31774,81654,128549,95785,48033,34144,198117,422355,21766,52062,37563,81829,128316,74321,18203,8295,3999,26,122,29,250,1031,986,550,1005,433,0,0,0,9,19,76,71,258,84791,0,0,8084,29659,0,13695,14108,19245,0.3963354618782408,0.008000048012291146,0.0008683744697905881,0.002440390462473996,0.000912695914898974,0.0030616993656158915,0.008020287983570467,0.010293887351881819,0.01145046114129869,0.02943416119962512,0.0008662217527687088,0.0,0.0,0.0,0.00011022117716217209,0.00014780356128791356,0.0007934436498407893,0.0014781504382403764,0.007556232427366448,0.1696254241085718,0.0,0.0,0.25442185434632086,0.3632277659392069,0.0,0.1429764576917054,0.29371473778443985,0.5636422211808809,0.05153484627860449,0.12326597293745782,0.08893703164399616,0.19374459873802843,0.3038107752956636,0.17596808372104036,0.04309881497792142,0.019639876407287708,0.006501625406351588,0.030507626906726683,0.007251812953238309,0.06251562890722681,0.2578144536134033,0.24656164041010253,0.13753438359589898,0.25131282820705175,0.0,0.0,0.0,0.020785219399538105,0.04387990762124711,0.17551963048498845,0.16397228637413394,0.5958429561200924,63,3619,255,471,259,547,1157,672,191,67,38,0,1,1,3,11,11,5,6,3619,0,0,38,0,0,0,0,0.007239867885914566,0.008516749607561538,0.009421695905262947,0.008151575236836307,0.0066990802542466294,0.009000528985281763,0.007015639028668073,0.003976350085356206,0.001962219944354957,7.601961306016953e-05,0.0,2.000360064811666e-05,3.147326346268845e-05,3.67408423450455e-05,8.557114852039706e-05,0.00011483932933831666,0.00010409293417162843,0.00017572118904671255,1.0,0.0,0.0,1.0,0.0,0.0,0.0,0.0,[0],1.1923076923076923,499872,29941,49992,31774,81654,128549,95785,48033,34144,198117,422355,21766,52062,37563,81829,128316,74321,18203,8295,3999,26,122,29,250,1031,986,550,1005,433,84791,0,0,8084,29659,0,13695,14108,19245,0.3963354618782408,0.008000048012291146,0.0008683744697905881,0.002440390462473996,0.000912695914898974,0.0030616993656158915,0.008020287983570467,0.010293887351881819,0.01145046114129869,0.02943416119962512,0.0008662217527687088,0.1696254241085718,0.0,0.0,0.25442185434632086,0.3632277659392069,0.0,0.1429764576917054,0.29371473778443985,0.5636422211808809,0.05153484627860449,0.12326597293745782,0.08893703164399616,0.19374459873802843,0.3038107752956636,0.17596808372104036,0.04309881497792142,0.019639876407287708,63,3619,255,471,259,547,1157,672,191,67,38,0,1,1,3,11,11,5,6,3619,0,0,38,0,0,0,0,0.007239867885914566,0.008516749607561538,0.009421695905262947,0.008151575236836307,0.0066990802542466294,0.009000528985281763,0.007015639028668073,0.003976350085356206,0.001962219944354957,7.601961306016953e-05,0.0,2.000360064811666e-05,3.147326346268845e-05,3.67408423450455e-05,8.557114852039706e-05,0.00011483932933831666,0.00010409293417162843,0.00017572118904671255,1.0,0.0,0.0,1.0,0.0,0.0,0.0,0.0,[0]
1.2307692307692308,499870,29941,49992,31774,81654,128549,95784,48033,34143,197231,425715,21956,52519,37812,82393,129366,74977,18340,8352,4038,27,122,29,254,1039,993,563,1011,435,0,0,0,9,19,77,71,259,93841,0,0,9099,32093,0,17102,15527,20020,0.39456458679256606,0.008078100306079581,0.000901773487859457,0.002440390462473996,0.000912695914898974,0.0031106865554657455,0.008082521062007483,0.01036707592082185,0.011721108404638478,0.029610754766716457,0.0008702262588272951,0.0,0.0,0.0,0.00011022117716217209,0.00014780356128791356,0.0008038920905370417,0.0014781504382403764,0.007585742319069794,0.18773081001060277,0.0,0.0,0.286366211367785,0.3930364709628432,0.0,0.17854756535538294,0.3232569275289905,0.5863573792578274,0.05157441011005015,0.1233665715325981,0.08881998520136711,0.1935402792948334,0.30387935590712095,0.17612017429500956,0.0430804646300929,0.019618759028927804,0.006686478454680535,0.030212976721149084,0.007181773155027241,0.0629024269440317,0.2573055968301139,0.24591381872213966,0.13942545814759782,0.25037147102526003,0.0,0.0,0.0,0.020689655172413793,0.04367816091954023,0.17701149425287357,0.1632183908045977,0.5954022988505747,64,3360,190,457,249,564,1050,656,137,57,39,1,0,0,4,8,7,13,6,3360,0,0,39,0,0,0,0,0.006721720760514692,0.0063458134330850674,0.009141462634021444,0.007836595958960156,0.006907193768829451,0.008168091544858381,0.006848671503888918,0.0028522057751962193,0.0016694001874414245,7.801997311311696e-05,3.339901806886878e-05,0.0,0.0,4.8987189849854266e-05,6.223307843701624e-05,7.308033616954638e-05,0.0002706472633397872,0.00017572633552014996,1.0,0.0,0.0,1.0,0.0,0.0,0.0,0.0,[1],1.2115384615384617,499870,29941,49992,31774,81654,128549,95784,48033,34143,197231,425715,21956,52519,37812,82393,129366,74977,18340,8352,4038,27,122,29,254,1039,993,563,1011,435,93841,0,0,9099,32093,0,17102,15527,20020,0.39456458679256606,0.008078100306079581,0.000901773487859457,0.002440390462473996,0.000912695914898974,0.0031106865554657455,0.008082521062007483,0.01036707592082185,0.011721108404638478,0.029610754766716457,0.0008702262588272951,0.18773081001060277,0.0,0.0,0.286366211367785,0.3930364709628432,0.0,0.17854756535538294,0.3232569275289905,0.5863573792578274,0.05157441011005015,0.1233665715325981,0.08881998520136711,0.1935402792948334,0.30387935590712095,0.17612017429500956,0.0430804646300929,0.019618759028927804,64,3360,190,457,249,564,1050,656,137,57,39,1,0,0,4,8,7,13,6,3360,0,0,39,0,0,0,0,0.006721720760514692,0.0063458134330850674,0.009141462634021444,0.007836595958960156,0.006907193768829451,0.008168091544858381,0.006848671503888918,0.0028522057751962193,0.0016694001874414245,7.801997311311696e-05,3.339901806886878e-05,0.0,0.0,4.8987189849854266e-05,6.223307843701624e-05,7.308033616954638e-05,0.0002706472633397872,0.00017572633552014996,1.0,0.0,0.0,1.0,0.0,0.0,0.0,0.0,[1]
1.25,499876,29942,49993,31776,81655,128548,95784,48032,34145,193845,428678,22155,52924,38025,82858,130317,75528,18467,8404,4061,27,124,29,254,1049,996,568,1014,438,0,0,0,9,20,78,72,259,102782,0,0,10122,34312,0,20533,17026,20789,0.38778617097040063,0.008124014755659404,0.0009017433705163316,0.002480347248614806,0.000912638469284995,0.003110648459984079,0.008160375890717865,0.010398396391881734,0.011825449700199867,0.02969688094889442,0.000876217301890869,0.0,0.0,0.0,0.00011021982732227053,0.0001555839064007219,0.0008143322475570033,0.0014990006662225182,0.007585297993849758,0.2056149925181445,0.0,0.0,0.31854229607250756,0.4202069683424163,0.0,0.21436774409087112,0.3544720186542305,0.6088446331820179,0.05168214837243806,0.12345863328652275,0.08870294253495631,0.1932872692323842,0.30399740597838004,0.1761881878706162,0.04307895436668082,0.01960445835802164,0.006648608717064762,0.030534351145038167,0.007141098251662152,0.0625461708938685,0.2583107608963309,0.24525978822950012,0.1398670278256587,0.24969219404087664,0.0,0.0,0.0,0.02054794520547945,0.045662100456621,0.1780821917808219,0.1643835616438356,0.591324200913242,65,2963,199,405,213,465,951,551,127,52,23,0,2,0,0,10,3,5,3,2963,0,0,23,0,0,0,0,0.005927541160701782,0.006646404595704886,0.008101296207393183,0.006703594133568326,0.0056947608200455585,0.007397957199200305,0.0057525265179988305,0.0026440155726271523,0.0015230061798904607,4.60119631104087e-05,0.0,4.0006401024163864e-05,0.0,0.0,7.77913480462703e-05,3.132047105988474e-05,0.00010409510128453355,8.786574114752658e-05,1.0,0.0,0.0,1.0,0.0,0.0,0.0,0.0,[0],1.2307692307692308,499876,29942,49993,31776,81655,128548,95784,48032,34145,193845,428678,22155,52924,38025,82858,130317,75528,18467,8404,4061,27,124,29,254,1049,996,568,1014,438,102782,0,0,10122,34312,0,20533,17026,20789,0.38778617097040063,0.008124014755659404,0.0009017433705163316,0.002480347248614806,0.000912638469284995,0.003110648459984079,0.008160375890717865,0.010398396391881734,0.011825449700199867,0.02969688094889442,0.000876217301890869,0.2056149925181445,0.0,0.0,0.31854229607250756,0.4202069683424163,0.0,0.21436774409087112,0.3544720186542305,0.6088446331820179,0.05168214837243806,0.12345863328652275,0.08870294253495631,0.1932872692323842,0.30399740597838004,0.1761881878706162,0.04307895436668082,0.01960445835802164,65,2963,199,405,213,465,951,551,127,52,23,0,2,0,0,10,3,5,3,2963,0,0,23,0,0,0,0,0.005927541160701782,0.006646404595704886,0.008101296207393183,0.006703594133568326,0.0056947608200455585,0.007397957199200305,0.0057525265179988305,0.0026440155726271523,0.0015230061798904607,4.60119631104087e-05,0.0,4.0006401024163864e-05,0.0,0.0,7.77913480462703e-05,3.132047105988474e-05,0.00010409510128453355,8.786574114752658e-05,1.0,0.0,0.0,1.0,0.0,0.0,0.0,0.0,[0]
1.2692307692307694,499880,29942,49993,31777,81657,128549,95786,48032,34144,189760,432715,22425,53479,38336,83484,131648,76234,18637,8472,4093,27,126,29,255,1053,1004,576,1023,440,0,0,0,9,20,78,73,260,111382,0,0,11053,36607,0,23755,18429,21538,0.3796111066655997,0.00818796511162679,0.0009017433705163316,0.002520352849398916,0.0009126097491896655,0.00312281861934678,0.008191428949272262,0.010481698786879084,0.011992005329780146,0.029961340206185568,0.0008802112507001681,0.0,0.0,0.0,0.00011021712774165106,0.0001555826960925406,0.0008143152443989727,0.0015198201199200533,0.0076148078725398315,0.22281747619428663,0.0,0.0,0.34783019164804735,0.44830204391540224,0.0,0.24800075167561023,0.3836817121918721,0.6307989690721649,0.05182394878846354,0.1235894295321401,0.08859410928671296,0.1929306818575737,0.30423720000462195,0.17617600499173822,0.043069918999803565,0.01957870653894596,0.006596628389934034,0.030784265819692156,0.0070852675299291476,0.06230149034937699,0.25726850720742733,0.24529684827754702,0.14072807231859272,0.2499389201075006,0.0,0.0,0.0,0.020454545454545454,0.045454545454545456,0.17727272727272728,0.16590909090909092,0.5909090909090909,66,4037,270,555,311,626,1331,706,170,68,32,0,2,0,1,4,8,8,9,4037,0,0,32,0,0,0,0,0.008076002848706479,0.009017433705163315,0.011101554217590463,0.009787260825780464,0.007666401322637928,0.010354108970968043,0.007370750856092876,0.003539307128580946,0.0019915068091960757,6.401587593723243e-05,0.0,4.000560078410978e-05,0.0,1.2246647480252281e-05,3.1116781280144385e-05,8.352125615969264e-05,0.00016655562958027982,0.00026358178357006884,1.0,0.0,0.0,1.0,0.0,0.0,0.0,0.0,[0],1.25,499880,29942,49993,31777,81657,128549,95786,48032,34144,189760,432715,22425,53479,38336,83484,131648,76234,18637,8472,4093,27,126,29,255,1053,1004,576,1023,440,111382,0,0,11053,36607,0,23755,18429,21538,0.3796111066655997,0.00818796511162679,0.0009017433705163316,0.002520352849398916,0.0009126097491896655,0.00312281861934678,0.008191428949272262,0.010481698786879084,0.011992005329780146,0.029961340206185568,0.0008802112507001681,0.22281747619428663,0.0,0.0,0.34783019164804735,0.44830204391540224,0.0,0.24800075167561023,0.3836817121918721,0.6307989690721649,0.05182394878846354,0.1235894295321401,0.08859410928671296,0.1929306818575737,0.30423720000462195,0.17617600499173822,0.043069918999803565,0.01957870653894596,66,4037,270,555,311,626,1331,706,170,68,32,0,2,0,1,4,8,8,9,4037,0,0,32,0,0,0,0,0.008076002848706479,0.009017433705163315,0.011101554217590463,0.009787260825780464,0.007666401322637928,0.010354108970968043,0.007370750856092876,0.003539307128580946,0.0019915068091960757,6.401587593723243e-05,0.0,4.000560078410978e-05,0.0,1.2246647480252281e-05,3.1116781280144385e-05,8.352125615969264e-05,0.00016655562958027982,0.00026358178357006884,1.0,0.0,0.0,1.0,0.0,0.0,0.0,0.0,[0]
1.2884615384615385,499884,29943,49995,31777,81657,128549,95787,48032,34144,184501,437766,22721,54230,38692,84296,133274,77152,18846,8555,4128,27,127,30,256,1065,1010,580,1033,441,0,0,0,9,20,79,73,260,121183,0,0,12008,38769,1515,26844,19761,22286,0.3690876283297725,0.008257915836474061,0.0009017132551848512,0.0025402540254025404,0.0009440790508858609,0.00313506496687363,0.008284778566927786,0.010544228339962625,0.012075283144570287,0.030254217432052484,0.0008822046714837842,0.0,0.0,0.0,0.00011021712774165106,0.0001555826960925406,0.0008247465731257896,0.0015198201199200533,0.0076148078725398315,0.24242224196013476,0.0,0.0,0.3778833747679139,0.4747786472684522,0.01178538922900995,0.2802467975821354,0.4114132245169887,0.6527061855670103,0.05190215777378782,0.123878967302166,0.08838511899051091,0.1925594952554561,0.30444118547351784,0.17624027448454196,0.04305039678732474,0.019542403932694637,0.006540697674418605,0.03076550387596899,0.007267441860465116,0.06201550387596899,0.25799418604651164,0.2446705426356589,0.14050387596899225,0.2502422480620155,0.0,0.0,0.0,0.02040816326530612,0.045351473922902494,0.17913832199546487,0.1655328798185941,0.5895691609977324,67,5051,296,751,356,812,1626,918,209,83,35,0,1,1,1,12,6,4,10,5051,0,0,35,0,0,0,0,0.010104425062014883,0.00988577917306793,0.01502210309443322,0.01120307140384555,0.009944034191802295,0.01264887319232355,0.009583864030234063,0.00435126582278481,0.0024308809746954076,7.00168040329679e-05,0.0,2.000280039205489e-05,3.146930169619536e-05,1.2246347526850118e-05,9.334961765552436e-05,6.263963418453637e-05,8.327781479013991e-05,0.00029287722586691657,1.0,0.0,0.0,1.0,0.0,0.0,0.0,0.0,[0],1.2692307692307694,499884,29943,49995,31777,81657,128549,95787,48032,34144,184501,437766,22721,54230,38692,84296,133274,77152,18846,8555,4128,27,127,30,256,1065,1010,580,1033,441,121183,0,0,12008,38769,1515,26844,19761,22286,0.3690876283297725,0.008257915836474061,0.0009017132551848512,0.0025402540254025404,0.0009440790508858609,0.00313506496687363,0.008284778566927786,0.010544228339962625,0.012075283144570287,0.030254217432052484,0.0008822046714837842,0.24242224196013476,0.0,0.0,0.3778833747679139,0.4747786472684522,0.01178538922900995,0.2802467975821354,0.4114132245169887,0.6527061855670103,0.05190215777378782,0.123878967302166,0.08838511899051091,0.1925594952554561,0.30444118547351784,0.17624027448454196,0.04305039678732474,0.019542403932694637,67,5051,296,751,356,812,1626,918,209,83,35,0,1,1,1,12,6,4,10,5051,0,0,35,0,0,0,0,0.010104425062014883,0.00988577917306793,0.01502210309443322,0.01120307140384555,0.009944034191802295,0.01264887319232355,0.009583864030234063,0.00435126582278481,0.0024308809746954076,7.00168040329679e-05,0.0,2.000280039205489e-05,3.146930169619536e-05,1.2246347526850118e-05,9.334961765552436e-05,6.263963418453637e-05,8.327781479013991e-05,0.00029287722586691657,1.0,0.0,0.0,1.0,0.0,0.0,0.0,0.0,[0]
1.3076923076923077,499884,29943,49996,31777,81658,128552,95786,48031,34138,182051,442003,23017,54883,38968,84960,134611,77905,19030,8629,4168,28,128,30,259,1073,1023,584,1043,450,0,0,0,9,20,80,74,267,134566,0,0,12918,40862,6964,29732,21095,22995,0.3641864912659737,0.008337934400780981,0.0009351100424139198,0.002560204816385311,0.0009440790508858609,0.0031717651669156727,0.008346816852324352,0.01068005762846345,0.012158814099227581,0.030552463530376706,0.0009002088484528411,0.0,0.0,0.0,0.00011021577800093072,0.00015557906528097578,0.0008351951224604848,0.0015406716495596593,0.007821196320815514,0.26919445311312223,0.0,0.0,0.40652043931145165,0.5004041245193367,0.05417263053083577,0.3104002672624392,0.43919551956028396,0.6735895483039428,0.052074307187960266,0.12416884048298314,0.08816229754096691,0.1922158899373986,0.3045477066897736,0.17625445981135876,0.0430540064207709,0.019522491928787813,0.0067178502879078695,0.030710172744721688,0.007197696737044146,0.06214011516314779,0.2574376199616123,0.2454414587332054,0.1401151631477927,0.2502399232245681,0.0,0.0,0.0,0.02,0.044444444444444446,0.17777777777777778,0.16444444444444445,0.5933333333333334,68,4237,296,653,276,664,1337,753,184,74,40,1,1,0,3,8,13,4,10,4237,0,0,40,0,0,0,0,0.008475966424210417,0.009885449019804295,0.013061306130613062,0.008685527268149919,0.008131574757828478,0.010400703233786338,0.007861192019793918,0.0038307794803464357,0.002167291471415183,8.00185643069192e-05,3.3396787229068564e-05,2.0002000200020003e-05,0.0,3.673904258055035e-05,6.223307843701624e-05,0.00013571779051437042,8.327781479013991e-05,0.00029287722586691657,1.0,0.0,0.0,1.0,0.0,0.0,0.0,0.0,[1],1.2884615384615385,499884,29943,49996,31777,81658,128552,95786,48031,34138,182051,442003,23017,54883,38968,84960,134611,77905,19030,8629,4168,28,128,30,259,1073,1023,584,1043,450,134566,0,0,12918,40862,6964,29732,21095,22995,0.3641864912659737,0.008337934400780981,0.0009351100424139198,0.002560204816385311,0.0009440790508858609,0.0031717651669156727,0.008346816852324352,0.01068005762846345,0.012158814099227581,0.030552463530376706,0.0009002088484528411,0.26919445311312223,0.0,0.0,0.40652043931145165,0.5004041245193367,0.05417263053083577,0.3104002672624392,0.43919551956028396,0.6735895483039428,0.052074307187960266,0.12416884048298314,0.08816229754096691,0.1922158899373986,0.3045477066897736,0.17625445981135876,0.0430540064207709,0.019522491928787813,68,4237,296,653,276,664,1337,753,184,74,40,1,1,0,3,8,13,4,10,4237,0,0,40,0,0,0,0,0.008475966424210417,0.009885449019804295,0.013061306130613062,0.008685527268149919,0.008131574757828478,0.010400703233786338,0.007861192019793918,0.0038307794803464357,0.002167291471415183,8.00185643069192e-05,3.3396787229068564e-05,2.0002000200020003e-05,0.0,3.673904258055035e-05,6.223307843701624e-05,0.00013571779051437042,8.327781479013991e-05,0.00029287722586691657,1.0,0.0,0.0,1.0,0.0,0.0,0.0,0.0,[1]
1.326923076923077,499880,29944,49996,31777,81658,128552,95786,48031,34133,176781,445714,23274,55467,39223,85505,135839,78531,19181,8694,4197,28,130,30,261,1076,1031,589,1052,456,0,0,0,9,20,80,75,272,147547,0,0,13761,42935,12101,32776,22326,23648,0.35364687525006,0.008396015043610466,0.0009350788137857333,0.0026002080166413312,0.0009440790508858609,0.0031962575620269906,0.008370153712116498,0.010763577140709498,0.01226291353500864,0.03082061348255354,0.0009122189325438105,0.0,0.0,0.0,0.00011021577800093072,0.00015557906528097578,0.0008351951224604848,0.001561491536715871,0.007968827820584185,0.29516483956149475,0.0,0.0,0.43304906064134435,0.5257904920522178,0.0941331134482544,0.34217944167206066,0.4648248006495805,0.6928192658131427,0.05221734116496229,0.12444527208030262,0.08800037692331854,0.19183826399888718,0.30476718254306573,0.17619145909708916,0.04303432245789901,0.01950578173447547,0.006671431975220395,0.03097450559923755,0.007147962830593281,0.062187276626161546,0.25637360019061234,0.2456516559447224,0.14033833690731476,0.2506552299261377,0.0,0.0,0.0,0.019736842105263157,0.043859649122807015,0.17543859649122806,0.16447368421052633,0.5964912280701754,69,3711,257,584,255,545,1228,626,151,65,29,0,2,0,2,3,8,5,9,3711,0,0,29,0,0,0,0,0.007423722303574429,0.00858297431787062,0.01168093447475798,0.008024671932529818,0.006674177667834138,0.009552554608251914,0.006535401833253294,0.0031438029605879536,0.001904036557501904,5.801345912251642e-05,0.0,4.000320025602048e-05,0.0,2.4492395111317936e-05,2.333685979214637e-05,8.351951224604849e-05,0.00010409943578105807,0.00026363583103872516,1.0,0.0,0.0,1.0,0.0,0.0,0.0,0.0,[0],1.3076923076923077,499880,29944,49996,31777,81658,128552,95786,48031,34133,176781,445714,23274,55467,39223,85505,135839,78531,19181,8694,4197,28,130,30,261,1076,1031,589,1052,456,147547,0,0,13761,42935,12101,32776,22326,23648,0.35364687525006,0.008396015043610466,0.0009350788137857333,0.0026002080166413312,0.0009440790508858609,0.0031962575620269906,0.008370153712116498,0.010763577140709498,0.01226291353500864,0.03082061348255354,0.0009122189325438105,0.29516483956149475,0.0,0.0,0.43304906064134435,0.5257904920522178,0.0941331134482544,0.34217944167206066,0.4648248006495805,0.6928192658131427,0.05221734116496229,0.12444527208030262,0.08800037692331854,0.19183826399888718,0.30476718254306573,0.17619145909708916,0.04303432245789901,0.01950578173447547,69,3711,257,584,255,545,1228,626,151,65,29,0,2,0,2,3,8,5,9,3711,0,0,29,0,0,0,0,0.007423722303574429,0.00858297431787062,0.01168093447475798,0.008024671932529818,0.006674177667834138,0.009552554608251914,0.006535401833253294,0.0031438029605879536,0.001904036557501904,5.801345912251642e-05,0.0,4.000320025602048e-05,0.0,2.4492395111317936e-05,2.333685979214637e-05,8.351951224604849e-05,0.00010409943578105807,0.00026363583103872516,1.0,0.0,0.0,1.0,0.0,0.0,0.0,0.0,[0]
1.3461538461538463,499875,29944,49996,31777,81660,128554,95785,48031,34127,171742,450350,23621,56158,39517,86236,137335,79304,19400,8779,4237,29,131,30,261,1085,1040,599,1062,464,0,0,0,9,20,81,76,278,159868,0,0,14587,44828,17003,35618,23576,24256,0.34356989247311825,0.008476119029757439,0.0009684744857066524,0.0026202096167693414,0.0009440790508858609,0.00319617927994122,0.008440032982248704,0.010857649945189748,0.012471112406570756,0.031119055293462653,0.0009282320580145037,0.0,0.0,0.0,0.00011021307861866275,0.0001555766448340775,0.0008456438899618939,0.0015823114238720827,0.008146042722770827,0.3198159539884971,0.0,0.0,0.45904270384240176,0.5489590987019348,0.13226348460569098,0.3718536305267004,0.490849659594845,0.7107568787177309,0.052450316420561784,0.12469856778061508,0.08774730764960587,0.1914866215165982,0.3049517042300433,0.17609414899522594,0.04307760630620629,0.019493727101143554,0.006844465423648808,0.030918102430965305,0.007080481472740146,0.061600188812839275,0.25607741326410194,0.24545669105499174,0.14137361340571158,0.25064904413500116,0.0,0.0,0.0,0.01939655172413793,0.04310344827586207,0.17456896551724138,0.16379310344827586,0.5991379310344828,70,4636,347,691,294,731,1496,773,219,85,40,1,1,0,0,9,9,10,10,4636,0,0,40,0,0,0,0,0.009274225814195406,0.01158829815655891,0.013821105688455076,0.009251974698681437,0.008951970413186705,0.011637314083016988,0.008070072870774435,0.004559555287210343,0.002490258693932558,8.001920460910618e-05,3.339567192091905e-05,2.000160012801024e-05,0.0,0.0,7.001057937643911e-05,9.395945127680454e-05,0.00020819887156211614,0.0002929716110508892,1.0,0.0,0.0,1.0,0.0,0.0,0.0,0.0,[0],1.326923076923077,499875,29944,49996,31777,81660,128554,95785,48031,34127,171742,450350,23621,56158,39517,86236,137335,79304,19400,8779,4237,29,131,30,261,1085,1040,599,1062,464,159868,0,0,14587,44828,17003,35618,23576,24256,0.34356989247311825,0.008476119029757439,0.0009684744857066524,0.0026202096167693414,0.0009440790508858609,0.00319617927994122,0.008440032982248704,0.010857649945189748,0.012471112406570756,0.031119055293462653,0.0009282320580145037,0.3198159539884971,0.0,0.0,0.45904270384240176,0.5489590987019348,0.13226348460569098,0.3718536305267004,0.490849659594845,0.7107568787177309,0.052450316420561784,0.12469856778061508,0.08774730764960587,0.1914866215165982,0.3049517042300433,0.17609414899522594,0.04307760630620629,0.019493727101143554,70,4636,347,691,294,731,1496,773,219,85,40,1,1,0,0,9,9,10,10,4636,0,0,40,0,0,0,0,0.009274225814195406,0.01158829815655891,0.013821105688455076,0.009251974698681437,0.008951970413186705,0.011637314083016988,0.008070072870774435,0.004559555287210343,0.002490258693932558,8.001920460910618e-05,3.339567192091905e-05,2.000160012801024e-05,0.0,0.0,7.001057937643911e-05,9.395945127680454e-05,0.00020819887156211614,0.0002929716110508892,1.0,0.0,0.0,1.0,0.0,0.0,0.0,0.0,[0]
1.3653846153846154,499877,29946,49997,31777,81662,128555,95785,48029,34126,170814,454018,23894,56743,39774,86748,138523,79922,19564,8850,4278,30,133,31,266,1095,1044,605,1074,467,0,0,0,9,20,81,78,279,171910,0,0,15356,46698,21853,38434,24767,24802,0.3417120611670471,0.0085581052939023,0.0010018032458425166,0.0026601596095765746,0.0009755483525820562,0.003257328990228013,0.008517755046478162,0.010899410137286632,0.012596556247267276,0.031471605227685634,0.0009342298205358518,0.0,0.0,0.0,0.00011021037936861698,0.00015557543463887052,0.0008456438899618939,0.0016240188219617314,0.008175584598253531,0.34390460053173083,0.0,0.0,0.48324259684677595,0.5718449217506306,0.16998949865816187,0.4012528057629065,0.5156676174811051,0.7267772372970756,0.05262786937962812,0.12497962635842631,0.08760445621098722,0.19106731451175946,0.3051046434282341,0.17603266830830497,0.043090802567299094,0.019492619235360713,0.0070126227208976155,0.031089294062646097,0.007246376811594203,0.06217858812529219,0.255960729312763,0.24403927068723702,0.14142122487143524,0.25105189340813466,0.0,0.0,0.0,0.019271948608137045,0.042826552462526764,0.1734475374732334,0.1670235546038544,0.5974304068522484,71,3668,273,585,257,512,1188,618,164,71,41,1,2,1,5,10,4,6,12,3668,0,0,41,0,0,0,0,0.007337834458614654,0.0091170184344109,0.01170093607488599,0.008087610535922208,0.006269899583639481,0.009241252703144204,0.006451949678968523,0.0034144614936187047,0.0020804641486213264,8.202050512628157e-05,3.339567192091905e-05,4.000320025602048e-05,3.146930169619536e-05,6.12294881214793e-05,7.778832241703875e-05,4.176019209688365e-05,0.00012491932293726967,0.00035162774342895655,1.0,0.0,0.0,1.0,0.0,0.0,0.0,0.0,[1],1.3461538461538463,499877,29946,49997,31777,81662,128555,95785,48029,34126,170814,454018,23894,56743,39774,86748,138523,79922,19564,8850,4278,30,133,31,266,1095,1044,605,1074,467,171910,0,0,15356,46698,21853,38434,24767,24802,0.3417120611670471,0.0085581052939023,0.0010018032458425166,0.0026601596095765746,0.0009755483525820562,0.003257328990228013,0.008517755046478162,0.010899410137286632,0.012596556247267276,0.031471605227685634,0.0009342298205358518,0.34390460053173083,0.0,0.0,0.48324259684677595,0.5718449217506306,0.16998949865816187,0.4012528057629065,0.5156676174811051,0.7267772372970756,0.05262786937962812,0.12497962635842631,0.08760445621098722,0.19106731451175946,0.3051046434282341,0.17603266830830497,0.043090802567299094,0.019492619235360713,71,3668,273,585,257,512,1188,618,164,71,41,1,2,1,5,10,4,6,12,3668,0,0,41,0,0,0,0,0.007337834458614654,0.0091170184344109,0.01170093607488599,0.008087610535922208,0.006269899583639481,0.009241252703144204,0.006451949678968523,0.0034144614936187047,0.0020804641486213264,8.202050512628157e-05,3.339567192091905e-05,4.000320025602048e-05,3.146930169619536e-05,6.12294881214793e-05,7.778832241703875e-05,4.176019209688365e-05,0.00012491932293726967,0.00035162774342895655,1.0,0.0,0.0,1.0,0.0,0.0,0.0,0.0,[1]
1.3846153846153848,499881,29946,49997,31777,81664,128558,95786,48029,34123,167791,457019,24130,57196,39990,87199,139465,80449,19692,8898,4311,30,135,31,268,1104,1051,611,1081,470,0,0,0,9,20,81,78,282,183888,0,0,16170,48559,26644,41237,25974,25304,0.335661887529232,0.008624052524500832,0.0010018032458425166,0.002700162009720583,0.0009755483525820562,0.003281739811912226,0.008587563589974954,0.01097237592132462,0.012721480772033562,0.0316795123523723,0.0009402237732580354,0.0,0.0,0.0,0.0001102076802507837,0.00015557180416621291,0.0008456350614912409,0.0016240188219617314,0.008264220613662339,0.367863551525263,0.0,0.0,0.508858608427479,0.5946194161442007,0.20725275751022884,0.43051176581128764,0.5407982677132566,0.7415526184684816,0.052798680142401085,0.12515015787089814,0.08750183252775048,0.19079950724149325,0.3051623674289253,0.17602988059577393,0.04308792413444518,0.019469650058312676,0.006958942240779402,0.031315240083507306,0.0071909069821387145,0.06216655068429599,0.25608907446068196,0.24379494316863837,0.14173045697054049,0.2507538854094178,0.0,0.0,0.0,0.019148936170212766,0.0425531914893617,0.1723404255319149,0.16595744680851063,0.6,72,3001,236,453,216,451,942,527,128,48,33,0,2,0,2,9,7,6,7,3001,0,0,33,0,0,0,0,0.006003476855306405,0.007880852200627796,0.009060543632617957,0.006797369166378198,0.005522764566138473,0.007327602971490802,0.00550190530876442,0.0026650565283474568,0.001406552188946844,6.601623999503877e-05,0.0,4.000240014400864e-05,0.0,2.449119541524822e-05,7.000894558749174e-05,7.308033616954638e-05,0.00012492452476628704,0.00020512219422141477,1.0,0.0,0.0,1.0,0.0,0.0,0.0,0.0,[0],1.3653846153846154,499881,29946,49997,31777,81664,128558,95786,48029,34123,167791,457019,24130,57196,39990,87199,139465,80449,19692,8898,4311,30,135,31,268,1104,1051,611,1081,470,183888,0,0,16170,48559,26644,41237,25974,25304,0.335661887529232,0.008624052524500832,0.0010018032458425166,0.002700162009720583,0.0009755483525820562,0.003281739811912226,0.008587563589974954,0.01097237592132462,0.012721480772033562,0.0316795123523723,0.0009402237732580354,0.367863551525263,0.0,0.0,0.508858608427479,0.5946194161442007,0.20725275751022884,0.43051176581128764,0.5407982677132566,0.7415526184684816,0.052798680142401085,0.12515015787089814,0.08750183252775048,0.19079950724149325,0.3051623674289253,0.17602988059577393,0.04308792413444518,0.019469650058312676,72,3001,236,453,216,451,942,527,128,48,33,0,2,0,2,9,7,6,7,3001,0,0,33,0,0,0,0,0.006003476855306405,0.007880852200627796,0.009060543632617957,0.006797369166378198,0.005522764566138473,0.007327602971490802,0.00550190530876442,0.0026650565283474568,0.001406552188946844,6.601623999503877e-05,0.0,4.000240014400864e-05,0.0,2.449119541524822e-05,7.000894558749174e-05,7.308033616954638e-05,0.00012492452476628704,0.00020512219422141477,1.0,0.0,0.0,1.0,0.0,0.0,0.0,0.0,[0]
1.403846153846154,499881,29946,49997,31777,81664,128557,95786,48030,34124,165208,460605,24446,57760,40259,87788,140529,81000,19848,8975,4344,30,136,31,268,1113,1063,614,1089,471,0,0,0,9,21,81,78,282,195000,0,0,16906,50379,30996,43889,27080,25750,0.33049465772853936,0.008690068236240226,0.0010018032458425166,0.0027201632097925877,0.0009755483525820562,0.003281739811912226,0.008657638246069837,0.011097655189693693,0.012783676868623776,0.03191302309225179,0.0009422242493713504,0.0,0.0,0.0,0.0001102076802507837,0.0001633516650201856,0.0008456350614912409,0.0016239850093691442,0.008263978431602391,0.3900928420964189,0.0,0.0,0.5320200144758788,0.6169058581504702,0.24110705756979395,0.45819848412085273,0.5638142827399542,0.7546008674246865,0.053073674840698644,0.1254002887506649,0.08740460915535003,0.19059280728606942,0.3050965577881265,0.17585566808870942,0.04309115185462598,0.019485242235755148,0.006906077348066298,0.03130755064456722,0.007136279926335175,0.061694290976058934,0.2562154696132597,0.24470534069981584,0.14134438305709024,0.2506906077348066,0.0,0.0,0.0,0.01910828025477707,0.044585987261146494,0.17197452229299362,0.16560509554140126,0.5987261146496815,73,3586,316,564,269,589,1064,551,156,77,33,0,1,0,0,9,12,3,8,3585,1,0,33,0,0,1,0,0.007173707342347479,0.010552327522874508,0.011280676840610437,0.008465242156276552,0.007212480407523511,0.008276419981642528,0.0057524064059465896,0.003248037643923463,0.002256542507985816,6.601571173939398e-05,0.0,2.000120007200432e-05,0.0,0.0,7.000731187479581e-05,0.00012527926836907274,6.246226238314352e-05,0.0002344459748556692,0.9997211377579476,0.0002788622420524261,0.0,1.0,0.0,0.0,0.0002788622420524261,0.0,[0],1.3846153846153848,499881,29946,49997,31777,81664,128557,95786,48030,34124,165208,460605,24446,57760,40259,87788,140529,81000,19848,8975,4344,30,136,31,268,1113,1063,614,1089,471,195000,0,0,16906,50379,30996,43889,27080,25750,0.33049465772853936,0.008690068236240226,0.0010018032458425166,0.0027201632097925877,0.0009755483525820562,0.003281739811912226,0.008657638246069837,0.011097655189693693,0.012783676868623776,0.03191302309225179,0.0009422242493713504,0.3900928420964189,0.0,0.0,0.5320200144758788,0.6169058581504702,0.24110705756979395,0.45819848412085273,0.5638142827399542,0.7546008674246865,0.053073674840698644,0.1254002887506649,0.08740460915535003,0.19059280728606942,0.3050965577881265,0.17585566808870942,0.04309115185462598,0.019485242235755148,73,3586,316,564,269,589,1064,551,156,77,33,0,1,0,0,9,12,3,8,3585,1,0,33,0,0,1,0,0.007173707342347479,0.010552327522874508,0.011280676840610437,0.008465242156276552,0.007212480407523511,0.008276419981642528,0.0057524064059465896,0.003248037643923463,0.002256542507985816,6.601571173939398e-05,0.0,2.000120007200432e-05,0.0,0.0,7.000731187479581e-05,0.00012527926836907274,6.246226238314352e-05,0.0002344459748556692,0.9997211377579476,0.0002788622420524261,0.0,1.0,0.0,0.0,0.0002788622420524261,0.0,[0]
1.4230769230769231,499886,29946,49999,31777,81665,128559,95787,48030,34123,162546,464567,24764,58447,40578,88382,141696,81627,20004,9069,4389,30,137,32,270,1123,1071,625,1101,473,0,0,0,9,21,81,78,284,205541,0,0,17630,52057,35224,46381,28093,26156,0.3251661378794365,0.008780001840419615,0.0010018032458425166,0.002740054801096022,0.0010070176542782516,0.003306189922243311,0.008735288855700496,0.01118105797237621,0.013012700395586092,0.032265627289511475,0.0009462157371880788,0.0,0.0,0.0,0.00011020633074144371,0.00016334912374862904,0.0008456262332049234,0.0016239850093691442,0.008322832107376256,0.41117574807056007,0.0,0.0,0.5548037889039242,0.6374456621563706,0.2739909302343671,0.48420975706515496,0.5849052675411202,0.7665211147906105,0.05330555119067863,0.1258096248764979,0.08734585108283628,0.19024597097942816,0.3050065975413665,0.175705549468645,0.043059451058727806,0.01952140380181976,0.00683526999316473,0.031214399635452268,0.007290954659375712,0.06151742993848257,0.2558669400774664,0.24401913875598086,0.14240145819093186,0.2508544087491456,0.0,0.0,0.0,0.019027484143763214,0.04439746300211417,0.17124735729386892,0.1649048625792812,0.6004228329809725,74,3962,318,687,319,594,1167,627,156,94,45,0,1,1,2,10,8,11,12,3952,6,4,45,0,0,10,0,0.007925886360953907,0.010619114405930675,0.013740824449466968,0.01003870724108632,0.007273706896551724,0.009077685384693172,0.00654584177228405,0.0032479700187382885,0.002754659477200797,9.00214250991736e-05,0.0,2.000120007200432e-05,3.146930169619536e-05,2.4490595611285266e-05,7.778650715246933e-05,8.351951224604849e-05,0.00022902352696231522,0.00035165865666393154,0.9974760222110045,0.001514386673397274,0.0010095911155981827,1.0,0.0,0.0,0.002523977788995457,0.0,[0],1.403846153846154,499886,29946,49999,31777,81665,128559,95787,48030,34123,162546,464567,24764,58447,40578,88382,141696,81627,20004,9069,4389,30,137,32,270,1123,1071,625,1101,473,205541,0,0,17630,52057,35224,46381,28093,26156,0.3251661378794365,0.008780001840419615,0.0010018032458425166,0.002740054801096022,0.0010070176542782516,0.003306189922243311,0.008735288855700496,0.01118105797237621,0.013012700395586092,0.032265627289511475,0.0009462157371880788,0.41117574807056007,0.0,0.0,0.5548037889039242,0.6374456621563706,0.2739909302343671,0.48420975706515496,0.5849052675411202,0.7665211147906105,0.05330555119067863,0.1258096248764979,0.08734585108283628,0.19024597097942816,0.3050065975413665,0.175705549468645,0.043059451058727806,0.01952140380181976,74,3962,318,687,319,594,1167,627,156,94,45,0,1,1,2,10,8,11,12,3952,6,4,45,0,0,10,0,0.007925886360953907,0.010619114405930675,0.013740824449466968,0.01003870724108632,0.007273706896551724,0.009077685384693172,0.00654584177228405,0.0032479700187382885,0.002754659477200797,9.00214250991736e-05,0.0,2.000120007200432e-05,3.146930169619536e-05,2.4490595611285266e-05,7.778650715246933e-05,8.351951224604849e-05,0.00022902352696231522,0.00035165865666393154,0.9974760222110045,0.001514386673397274,0.0010095911155981827,1.0,0.0,0.0,0.002523977788995457,0.0,[0]
1.4423076923076925,499882,29946,49999,31777,81665,128559,95787,48028,34121,163249,467654,25002,58962,40815,88861,142594,82156,20130,9134,4423,30,138,32,272,1128,1080,631,1112,477,0,0,0,9,21,81,80,286,215823,0,0,18397,53682,39285,48766,29176,26517,0.3265750717169252,0.008848088148803118,0.0010018032458425166,0.002760055201104022,0.0010070176542782516,0.003330680217963632,0.008774181504212074,0.011275016442732313,0.013138169401182644,0.032589900647694965,0.0009542251971465266,0.0,0.0,0.0,0.00011020633074144371,0.00016334912374862904,0.0008456262332049234,0.0016656950112434413,0.008381934878813634,0.4317478925026306,0.0,0.0,0.5789407433049061,0.6573440274291312,0.30557953935547105,0.5091087517095222,0.6074789706004831,0.7771460390961578,0.0534626026934443,0.12608039276901298,0.08727606307227138,0.190014412364697,0.3049134616618269,0.17567688932415845,0.043044644117231974,0.01953153399735702,0.006782726656115758,0.03120054261813249,0.007234908433190143,0.06149672168211621,0.25503052226995254,0.2441781596201673,0.14266335066696811,0.25141306805335745,0.0,0.0,0.0,0.018867924528301886,0.0440251572327044,0.16981132075471697,0.16771488469601678,0.59958071278826,75,3087,238,515,237,479,898,529,126,65,34,0,1,0,2,5,9,6,11,3076,9,2,34,0,0,11,0,0.006175407993022409,0.007947639083683964,0.010300206004120082,0.007458224501998301,0.0058654258250168375,0.00698511967267947,0.005522670090930919,0.002623360399750156,0.0019048735457023122,6.801550753571814e-05,0.0,2.000040000800016e-05,0.0,2.4490295720320824e-05,3.889264851157834e-05,9.39584703561026e-05,0.00012492192379762648,0.00032236321542654514,0.9964366699060576,0.0029154518950437317,0.0006478781988986071,1.0,0.0,0.0,0.0035633300939423387,0.0,[1],1.4230769230769231,499882,29946,49999,31777,81665,128559,95787,48028,34121,163249,467654,25002,58962,40815,88861,142594,82156,20130,9134,4423,30,138,32,272,1128,1080,631,1112,477,215823,0,0,18397,53682,39285,48766,29176,26517,0.3265750717169252,0.008848088148803118,0.0010018032458425166,0.002760055201104022,0.0010070176542782516,0.003330680217963632,0.008774181504212074,0.011275016442732313,0.013138169401182644,0.032589900647694965,0.0009542251971465266,0.4317478925026306,0.0,0.0,0.5789407433049061,0.6573440274291312,0.30557953935547105,0.5091087517095222,0.6074789706004831,0.7771460390961578,0.0534626026934443,0.12608039276901298,0.08727606307227138,0.190014412364697,0.3049134616618269,0.17567688932415845,0.043044644117231974,0.01953153399735702,75,3087,238,515,237,479,898,529,126,65,34,0,1,0,2,5,9,6,11,3076,9,2,34,0,0,11,0,0.006175407993022409,0.007947639083683964,0.010300206004120082,0.007458224501998301,0.0058654258250168375,0.00698511967267947,0.005522670090930919,0.002623360399750156,0.0019048735457023122,6.801550753571814e-05,0.0,2.000040000800016e-05,0.0,2.4490295720320824e-05,3.889264851157834e-05,9.39584703561026e-05,0.00012492192379762648,0.00032236321542654514,0.9964366699060576,0.0029154518950437317,0.0006478781988986071,1.0,0.0,0.0,0.0035633300939423387,0.0,[1]
1.4615384615384617,499883,29946,50000,31777,81665,128559,95787,48029,34120,162004,470263,25228,59389,41010,89279,143380,82556,20235,9186,4458,30,138,32,273,1137,1088,636,1124,478,0,0,0,9,21,81,80,287,225657,0,0,19085,55249,43169,51079,30242,26833,0.3240838356175345,0.008918086832318763,0.0010018032458425166,0.00276,0.0010070176542782516,0.0033429253658237923,0.008844188271532915,0.011358535083048849,0.013241999625226425,0.03294255568581477,0.000956223756358988,0.0,0.0,0.0,0.00011020633074144371,0.00016334912374862904,0.0008456262332049234,0.0016656603302171605,0.008411488862837047,0.4514196321939334,0.0,0.0,0.6005916228718885,0.6765321741260025,0.3357913487192651,0.5332560785910405,0.629661246330342,0.786430246189918,0.053646576490176776,0.12628890642044982,0.0872065206065542,0.18984908444848947,0.30489321932620683,0.1755528289489073,0.04302911349606497,0.01953375026315062,0.006729475100942127,0.03095558546433378,0.007178106774338268,0.06123822341857335,0.2550471063257066,0.24405563032750113,0.1426648721399731,0.2521310004486317,0.0,0.0,0.0,0.01882845188284519,0.043933054393305436,0.1694560669456067,0.16736401673640167,0.600418410041841,76,2609,226,427,195,418,786,400,105,52,35,0,0,0,1,9,8,5,12,2598,5,6,35,0,0,11,0,0.005219231738690331,0.007546917785346958,0.008540170803416068,0.006136513830758096,0.005118471805547052,0.006113924346020115,0.004175932015826782,0.002186224702257017,0.0015239881597842971,7.001652389964032e-05,0.0,0.0,0.0,1.2245147860160412e-05,7.000676732084102e-05,8.351864031653564e-05,0.00010410593820271508,0.0003516895753348378,0.995783825220391,0.0019164430816404753,0.0022997316979685703,1.0,0.0,0.0,0.004216174779609045,0.0,[0],1.4423076923076925,499883,29946,50000,31777,81665,128559,95787,48029,34120,162004,470263,25228,59389,41010,89279,143380,82556,20235,9186,4458,30,138,32,273,1137,1088,636,1124,478,225657,0,0,19085,55249,43169,51079,30242,26833,0.3240838356175345,0.008918086832318763,0.0010018032458425166,0.00276,0.0010070176542782516,0.0033429253658237923,0.008844188271532915,0.011358535083048849,0.013241999625226425,0.03294255568581477,0.000956223756358988,0.4514196321939334,0.0,0.0,0.6005916228718885,0.6765321741260025,0.3357913487192651,0.5332560785910405,0.629661246330342,0.786430246189918,0.053646576490176776,0.12628890642044982,0.0872065206065542,0.18984908444848947,0.30489321932620683,0.1755528289489073,0.04302911349606497,0.01953375026315062,76,2609,226,427,195,418,786,400,105,52,35,0,0,0,1,9,8,5,12,2598,5,6,35,0,0,11,0,0.005219231738690331,0.007546917785346958,0.008540170803416068,0.006136513830758096,0.005118471805547052,0.006113924346020115,0.004175932015826782,0.002186224702257017,0.0015239881597842971,7.001652389964032e-05,0.0,0.0,0.0,1.2245147860160412e-05,7.000676732084102e-05,8.351864031653564e-05,0.00010410593820271508,0.0003516895753348378,0.995783825220391,0.0019164430816404753,0.0022997316979685703,1.0,0.0,0.0,0.004216174779609045,0.0,[0]
1.4807692307692308,499886,29946,50000,31777,81666,128562,95788,48029,34118,163141,472353,25397,59767,41174,89590,143986,82891,20326,9222,4481,30,138,32,274,1142,1094,639,1132,480,0,0,0,9,21,81,80,289,235098,0,0,19741,56684,46957,53365,31253,27098,0.3263564092613116,0.008964043801986853,0.0010018032458425166,0.00276,0.0010070176542782516,0.003355129429627997,0.008882873632955306,0.011421054829414959,0.01330446188760957,0.033178967114133304,0.0009602189299160208,0.0,0.0,0.0,0.00011020498126515319,0.0001633453119895459,0.0008456174051029357,0.0016656603302171605,0.00847060202825488,0.47030322913624306,0.0,0.0,0.6212354847845927,0.6940954620037715,0.3652478959568146,0.5571157138681254,0.6507110287534614,0.7942435078257811,0.053766992058905096,0.1265303702950971,0.08716785963040354,0.1896674732668153,0.3048271102332366,0.17548528325214405,0.0430313769574873,0.019523534305911045,0.006694934166480696,0.030796697165811203,0.007141263110912743,0.06114706538719036,0.2548538272706985,0.2441419326043294,0.14260209774603883,0.2526221825485383,0.0,0.0,0.0,0.01875,0.04375,0.16875,0.16666666666666666,0.6020833333333333,77,2090,169,378,164,311,606,335,91,36,23,0,0,0,1,5,6,3,8,2069,13,8,23,0,0,21,0,0.00418097834893365,0.005643491618246176,0.00756,0.0051609654781760396,0.003808240984509888,0.004713788999603295,0.0034973430632549304,0.00189468862562202,0.0010550996483001172,4.601076651936553e-05,0.0,0.0,0.0,1.2245147860160412e-05,3.889264851157834e-05,6.263898023740174e-05,6.246226238314352e-05,0.00023446658851113716,0.9899521531100478,0.006220095693779904,0.003827751196172249,1.0,0.0,0.0,0.010047846889952153,0.0,[1],1.4615384615384617,499886,29946,50000,31777,81666,128562,95788,48029,34118,163141,472353,25397,59767,41174,89590,143986,82891,20326,9222,4481,30,138,32,274,1142,1094,639,1132,480,235098,0,0,19741,56684,46957,53365,31253,27098,0.3263564092613116,0.008964043801986853,0.0010018032458425166,0.00276,0.0010070176542782516,0.003355129429627997,0.008882873632955306,0.011421054829414959,0.01330446188760957,0.033178967114133304,0.0009602189299160208,0.47030322913624306,0.0,0.0,0.6212354847845927,0.6940954620037715,0.3652478959568146,0.5571157138681254,0.6507110287534614,0.7942435078257811,0.053766992058905096,0.1265303702950971,0.08716785963040354,0.1896674732668153,0.3048271102332366,0.17548528325214405,0.0430313769574873,0.019523534305911045,77,2090,169,378,164,311,606,335,91,36,23,0,0,0,1,5,6,3,8,2069,13,8,23,0,0,21,0,0.00418097834893365,0.005643491618246176,0.00756,0.0051609654781760396,0.003808240984509888,0.004713788999603295,0.0034973430632549304,0.00189468862562202,0.0010550996483001172,4.601076651936553e-05,0.0,0.0,0.0,1.2245147860160412e-05,3.889264851157834e-05,6.263898023740174e-05,6.246226238314352e-05,0.00023446658851113716,0.9899521531100478,0.006220095693779904,0.003827751196172249,1.0,0.0,0.0,0.010047846889952153,0.0,[1]
1.5000000000000002,499886,29946,50000,31777,81669,128562,95788,48029,34115,163211,474141,25550,60075,41311,89909,144460,83187,20395,9254,4492,30,139,32,274,1146,1095,641,1135,483,0,0,0,9,21,81,80,292,244148,0,0,20406,57967,50691,55564,32215,27305,0.326496441188591,0.008986048819130761,0.0010018032458425166,0.00278,0.0010070176542782516,0.003355006183496798,0.00891398702571522,0.011431494550465611,0.013346103395864999,0.03326982265865455,0.000966220298227996,0.0,0.0,0.0,0.00011020093303456637,0.0001633453119895459,0.0008456174051029357,0.0016656603302171605,0.008559284772094387,0.488407356877368,0.0,0.0,0.6421625704125625,0.709779720579412,0.39429224809819385,0.5800726604585126,0.6707405942243228,0.8003810640480727,0.05388692393191055,0.12670281625086208,0.08712809058908637,0.18962502715436969,0.3046773006341995,0.17544780982872182,0.04301463066893604,0.019517400941913902,0.006678539626001781,0.030943900267141587,0.007123775601068566,0.0609973285841496,0.25512021371326804,0.243766696349065,0.14269813000890472,0.2526714158504007,0.0,0.0,0.0,0.018633540372670808,0.043478260869565216,0.16770186335403728,0.16563146997929606,0.6045548654244306,78,1788,153,308,137,319,474,296,69,32,11,0,1,0,0,4,1,2,3,1768,11,9,11,0,0,20,0,0.0035768155139371777,0.005109196553796835,0.00616,0.0043112943323787645,0.003906154335953763,0.0036869370420497503,0.0030901574309934437,0.0014366320348123008,0.0009379213318482912,2.200501714390881e-05,0.0,2e-05,0.0,0.0,3.1113392759913505e-05,1.0439721050653526e-05,4.164150825542901e-05,8.79301248607773e-05,0.9888143176733781,0.006152125279642058,0.0050335570469798654,1.0,0.0,0.0,0.011185682326621925,0.0,[0],1.4807692307692308,499886,29946,50000,31777,81669,128562,95788,48029,34115,163211,474141,25550,60075,41311,89909,144460,83187,20395,9254,4492,30,139,32,274,1146,1095,641,1135,483,244148,0,0,20406,57967,50691,55564,32215,27305,0.326496441188591,0.008986048819130761,0.0010018032458425166,0.00278,0.0010070176542782516,0.003355006183496798,0.00891398702571522,0.011431494550465611,0.013346103395864999,0.03326982265865455,0.000966220298227996,0.488407356877368,0.0,0.0,0.6421625704125625,0.709779720579412,0.39429224809819385,0.5800726604585126,0.6707405942243228,0.8003810640480727,0.05388692393191055,0.12670281625086208,0.08712809058908637,0.18962502715436969,0.3046773006341995,0.17544780982872182,0.04301463066893604,0.019517400941913902,78,1788,153,308,137,319,474,296,69,32,11,0,1,0,0,4,1,2,3,1768,11,9,11,0,0,20,0,0.0035768155139371777,0.005109196553796835,0.00616,0.0043112943323787645,0.003906154335953763,0.0036869370420497503,0.0030901574309934437,0.0014366320348123008,0.0009379213318482912,2.200501714390881e-05,0.0,2e-05,0.0,0.0,3.1113392759913505e-05,1.0439721050653526e-05,4.164150825542901e-05,8.79301248607773e-05,0.9888143176733781,0.006152125279642058,0.0050335570469798654,1.0,0.0,0.0,0.011185682326621925,0.0,[0]
1.5192307692307694,499885,29946,50000,31777,81670,128563,95788,48029,34112,163279,476385,25723,60462,41499,90279,145103,83543,20485,9291,4510,30,139,32,276,1151,1101,643,1138,486,0,0,0,9,21,81,80,295,253056,0,0,21082,59284,54325,57748,33136,27481,0.32663312561889235,0.009022075077267771,0.0010018032458425166,0.00278,0.0010070176542782516,0.0033794538998408227,0.00895280912859843,0.011494132876769533,0.013387744904120428,0.03336069418386491,0.000972223611430629,0.0,0.0,0.0,0.00011019958369046161,0.0001633440414427168,0.0008456174051029357,0.0016656603302171605,0.008647983114446528,0.5062284325394841,0.0,0.0,0.6634358183591906,0.7258969021672584,0.4225554786369329,0.6028730112331399,0.6899165087759479,0.8056109287054409,0.053996242534924487,0.12691835385245126,0.08711231461947794,0.18950848578355742,0.3045918742193814,0.17536866190161318,0.04300093411841263,0.01950313297018168,0.0066518847006651885,0.03082039911308204,0.007095343680709534,0.06119733924611973,0.25521064301552104,0.2441241685144124,0.1425720620842572,0.2523281596452328,0.0,0.0,0.0,0.018518518518518517,0.043209876543209874,0.16666666666666666,0.1646090534979424,0.6069958847736625,79,2244,173,387,188,370,643,356,90,37,18,0,0,0,2,5,6,2,3,2226,12,6,18,0,0,18,0,0.004489023497357397,0.005777065384358512,0.00774,0.005916228718884728,0.004530482802532172,0.005001477886156096,0.0037165406940326555,0.0018738678714943055,0.0010845669060530558,3.600820987185078e-05,0.0,0.0,0.0,2.4489096229903636e-05,3.889174094989188e-05,6.263832630392116e-05,4.164150825542901e-05,8.793785724754507e-05,0.9919786096256684,0.0053475935828877,0.00267379679144385,1.0,0.0,0.0,0.008021390374331552,0.0,[0],1.5000000000000002,499885,29946,50000,31777,81670,128563,95788,48029,34112,163279,476385,25723,60462,41499,90279,145103,83543,20485,9291,4510,30,139,32,276,1151,1101,643,1138,486,253056,0,0,21082,59284,54325,57748,33136,27481,0.32663312561889235,0.009022075077267771,0.0010018032458425166,0.00278,0.0010070176542782516,0.0033794538998408227,0.00895280912859843,0.011494132876769533,0.013387744904120428,0.03336069418386491,0.000972223611430629,0.5062284325394841,0.0,0.0,0.6634358183591906,0.7258969021672584,0.4225554786369329,0.6028730112331399,0.6899165087759479,0.8056109287054409,0.053996242534924487,0.12691835385245126,0.08711231461947794,0.18950848578355742,0.3045918742193814,0.17536866190161318,0.04300093411841263,0.01950313297018168,79,2244,173,387,188,370,643,356,90,37,18,0,0,0,2,5,6,2,3,2226,12,6,18,0,0,18,0,0.004489023497357397,0.005777065384358512,0.00774,0.005916228718884728,0.004530482802532172,0.005001477886156096,0.0037165406940326555,0.0018738678714943055,0.0010845669060530558,3.600820987185078e-05,0.0,0.0,0.0,2.4489096229903636e-05,3.889174094989188e-05,6.263832630392116e-05,4.164150825542901e-05,8.793785724754507e-05,0.9919786096256684,0.0053475935828877,0.00267379679144385,1.0,0.0,0.0,0.008021390374331552,0.0,[0]
1.5384615384615385,499888,29946,50000,31778,81671,128565,95787,48029,34110,163052,478942,25922,60890,41721,90711,145802,83967,20592,9337,4525,30,140,32,278,1154,1103,647,1141,489,0,0,0,9,21,82,80,297,261357,0,0,21616,60451,57835,59854,33966,27635,0.32617706366226035,0.00905202765419454,0.0010018032458425166,0.0028,0.001006985965133111,0.0034039010174970307,0.008976004355773344,0.011515132533642352,0.013471027920631285,0.03345060099677514,0.0009782191210831227,0.0,0.0,0.0,0.00011019823437940028,0.00016334150040835376,0.0008560660632444904,0.0016656603302171605,0.008707124010554089,0.522831114169574,0.0,0.0,0.6802190194474165,0.7401770518299029,0.4498502702912923,0.6248655871882406,0.7071977347019509,0.8101729698035767,0.05412346380146239,0.12713439205582305,0.08711075662606328,0.18939871633726005,0.30442517047993284,0.17531767938497772,0.04299476763365919,0.019495053680821477,0.0066298342541436465,0.030939226519337018,0.0070718232044198895,0.06143646408839779,0.25502762430939224,0.24375690607734807,0.14298342541436465,0.25215469613259667,0.0,0.0,0.0,0.018404907975460124,0.04294478527607362,0.16768916155419222,0.16359918200409,0.6073619631901841,80,2557,199,428,222,432,699,424,107,46,15,0,1,0,2,3,2,4,3,2515,23,19,15,0,0,42,0,0.005115176490592836,0.006645294864088693,0.00856,0.00698618497655537,0.005289580017142158,0.005437023093736145,0.004426441725477096,0.002227820691665452,0.0013484990619136961,3.0006901587365095e-05,0.0,2e-05,0.0,2.4488796375658137e-05,2.3334863063245258e-05,2.087944210130705e-05,8.328301651085802e-05,8.794559099437148e-05,0.9835745013687915,0.00899491591709034,0.007430582714118107,1.0,0.0,0.0,0.016425498631208447,0.0,[0],1.5192307692307694,499888,29946,50000,31778,81671,128565,95787,48029,34110,163052,478942,25922,60890,41721,90711,145802,83967,20592,9337,4525,30,140,32,278,1154,1103,647,1141,489,261357,0,0,21616,60451,57835,59854,33966,27635,0.32617706366226035,0.00905202765419454,0.0010018032458425166,0.0028,0.001006985965133111,0.0034039010174970307,0.008976004355773344,0.011515132533642352,0.013471027920631285,0.03345060099677514,0.0009782191210831227,0.522831114169574,0.0,0.0,0.6802190194474165,0.7401770518299029,0.4498502702912923,0.6248655871882406,0.7071977347019509,0.8101729698035767,0.05412346380146239,0.12713439205582305,0.08711075662606328,0.18939871633726005,0.30442517047993284,0.17531767938497772,0.04299476763365919,0.019495053680821477,80,2557,199,428,222,432,699,424,107,46,15,0,1,0,2,3,2,4,3,2515,23,19,15,0,0,42,0,0.005115176490592836,0.006645294864088693,0.00856,0.00698618497655537,0.005289580017142158,0.005437023093736145,0.004426441725477096,0.002227820691665452,0.0013484990619136961,3.0006901587365095e-05,0.0,2e-05,0.0,2.4488796375658137e-05,2.3334863063245258e-05,2.087944210130705e-05,8.328301651085802e-05,8.794559099437148e-05,0.9835745013687915,0.00899491591709034,0.007430582714118107,1.0,0.0,0.0,0.016425498631208447,0.0,[0]
1.5576923076923077,499890,29946,50000,31778,81672,128567,95787,48030,34109,162592,481958,26175,61370,41982,91229,146660,84441,20697,9404,4544,30,141,32,278,1161,1109,649,1144,491,0,0,0,9,21,82,80,299,269164,0,0,22183,61492,61186,61842,34708,27753,0.3252555562223689,0.00908999979995599,0.0010018032458425166,0.00282,0.001006985965133111,0.0034038593397982173,0.009030311044047072,0.011577771513879754,0.013512388090776598,0.033539535020082674,0.0009822160875392586,0.0,0.0,0.0,0.00011019688510138113,0.00016333895945304784,0.0008560660632444904,0.0016656256506350198,0.008766014834794335,0.5384464582208086,0.0,0.0,0.6980615520171187,0.7529140954060143,0.47590750348067545,0.6456199693068997,0.7226316885280033,0.8136562197660442,0.05430971163462377,0.12733474701115036,0.08710717531403152,0.18928827823171313,0.3043003747214488,0.17520406342461375,0.04294357599624864,0.019512073666170082,0.006602112676056338,0.03102992957746479,0.007042253521126761,0.061179577464788734,0.2555017605633803,0.24405809859154928,0.14282570422535212,0.2517605633802817,0.0,0.0,0.0,0.018329938900203666,0.04276985743380855,0.1670061099796334,0.1629327902240326,0.6089613034623218,81,3016,253,480,261,518,858,474,105,67,19,0,1,0,0,7,6,2,3,2958,30,28,19,0,0,58,0,0.0060333514707294434,0.008448540706605223,0.0096,0.008213229278116936,0.006342520600947705,0.006673667016684167,0.004948479438754737,0.002186179183410023,0.0019642333626502494,3.800851390711519e-05,0.0,2e-05,0.0,0.0,5.4447166802784586e-05,6.263898023740174e-05,4.164150825542901e-05,8.795074758135444e-05,0.9807692307692307,0.009946949602122016,0.009283819628647215,1.0,0.0,0.0,0.019230769230769232,0.0,[0],1.5384615384615385,499890,29946,50000,31778,81672,128567,95787,48030,34109,162592,481958,26175,61370,41982,91229,146660,84441,20697,9404,4544,30,141,32,278,1161,1109,649,1144,491,269164,0,0,22183,61492,61186,61842,34708,27753,0.3252555562223689,0.00908999979995599,0.0010018032458425166,0.00282,0.001006985965133111,0.0034038593397982173,0.009030311044047072,0.011577771513879754,0.013512388090776598,0.033539535020082674,0.0009822160875392586,0.5384464582208086,0.0,0.0,0.6980615520171187,0.7529140954060143,0.47590750348067545,0.6456199693068997,0.7226316885280033,0.8136562197660442,0.05430971163462377,0.12733474701115036,0.08710717531403152,0.18928827823171313,0.3043003747214488,0.17520406342461375,0.04294357599624864,0.019512073666170082,81,3016,253,480,261,518,858,474,105,67,19,0,1,0,0,7,6,2,3,2958,30,28,19,0,0,58,0,0.0060333514707294434,0.008448540706605223,0.0096,0.008213229278116936,0.006342520600947705,0.006673667016684167,0.004948479438754737,0.002186179183410023,0.0019642333626502494,3.800851390711519e-05,0.0,2e-05,0.0,0.0,5.4447166802784586e-05,6.263898023740174e-05,4.164150825542901e-05,8.795074758135444e-05,0.9807692307692307,0.009946949602122016,0.009283819628647215,1.0,0.0,0.0,0.019230769230769232,0.0,[0]
1.576923076923077,499892,29946,50000,31778,81671,128570,95787,48030,34110,161987,485353,26475,61994,42269,91800,147564,84933,20836,9482,4572,31,143,32,280,1168,1115,653,1150,492,0,0,0,10,21,82,80,299,276509,0,0,22710,62393,64459,63684,35427,27836,0.32404399350259655,0.009145975530714634,0.0010351966873706005,0.00286,0.001006985965133111,0.0034283895140257863,0.009084545383837598,0.011640410494117156,0.013595669373308349,0.0337144532395192,0.0009842125899194225,0.0,0.0,0.0,0.00012244248264377808,0.00016333514816831298,0.0008560660632444904,0.0016656256506350198,0.008765757842274992,0.5531374776951822,0.0,0.0,0.7146453521304047,0.7639553819593246,0.5013533483705375,0.6648501362397821,0.7376014990630856,0.8160656698915274,0.05454792697273943,0.12772971424921656,0.0870891907539461,0.18914068729357808,0.30403438322210846,0.17499222215583296,0.04292957908985831,0.01953629626272012,0.006780402449693788,0.03127734033245844,0.00699912510936133,0.06124234470691164,0.2554680664916885,0.24387576552930884,0.14282589676290464,0.2515310586176728,0.0,0.0,0.0,0.02032520325203252,0.042682926829268296,0.16666666666666666,0.16260162601626016,0.6077235772357723,82,3395,300,624,287,571,904,492,139,78,28,1,2,0,2,7,6,4,6,3285,58,52,28,0,0,110,0,0.006791494128708316,0.010018032458425166,0.01248,0.00903140537478759,0.006991380154765403,0.007031353302169297,0.005136396379466942,0.002894024567978347,0.0022867864786420005,5.601232271099642e-05,3.339344152808389e-05,4e-05,0.0,2.4488196689195808e-05,5.444631981768261e-05,6.263898023740174e-05,8.328128253175098e-05,0.00017590665220323083,0.96759941089838,0.017083946980854196,0.015316642120765831,1.0,0.0,0.0,0.03240058910162003,0.0,[0],1.5576923076923077,499892,29946,50000,31778,81671,128570,95787,48030,34110,161987,485353,26475,61994,42269,91800,147564,84933,20836,9482,4572,31,143,32,280,1168,1115,653,1150,492,276509,0,0,22710,62393,64459,63684,35427,27836,0.32404399350259655,0.009145975530714634,0.0010351966873706005,0.00286,0.001006985965133111,0.0034283895140257863,0.009084545383837598,0.011640410494117156,0.013595669373308349,0.0337144532395192,0.0009842125899194225,0.5531374776951822,0.0,0.0,0.7146453521304047,0.7639553819593246,0.5013533483705375,0.6648501362397821,0.7376014990630856,0.8160656698915274,0.05454792697273943,0.12772971424921656,0.0870891907539461,0.18914068729357808,0.30403438322210846,0.17499222215583296,0.04292957908985831,0.01953629626272012,82,3395,300,624,287,571,904,492,139,78,28,1,2,0,2,7,6,4,6,3285,58,52,28,0,0,110,0,0.006791494128708316,0.010018032458425166,0.01248,0.00903140537478759,0.006991380154765403,0.007031353302169297,0.005136396379466942,0.002894024567978347,0.0022867864786420005,5.601232271099642e-05,3.339344152808389e-05,4e-05,0.0,2.4488196689195808e-05,5.444631981768261e-05,6.263898023740174e-05,8.328128253175098e-05,0.00017590665220323083,0.96759941089838,0.017083946980854196,0.015316642120765831,1.0,0.0,0.0,0.03240058910162003,0.0,[0]
1.5961538461538463,499893,29946,50000,31779,81671,128571,95788,48031,34107,161161,489246,26780,62675,42633,92486,148585,85518,21002,9567,4609,31,146,32,283,1179,1118,660,1160,496,0,0,0,10,21,82,81,302,283565,0,0,23210,63213,67737,65440,36067,27898,0.32239099167221785,0.009219973074237888,0.0010351966873706005,0.00292,0.0010069542779823153,0.00346512225881892,0.009170030566768557,0.011671608134630643,0.013741125523099664,0.03401061365702055,0.0009922123334393561,0.0,0.0,0.0,0.00012244248264377808,0.0001633338777795926,0.0008560571261535892,0.0016864108596531407,0.008854487348638109,0.5672513917978448,0.0,0.0,0.7303565247490481,0.7739956655361144,0.5268450894836316,0.6831753455547668,0.7509108700630842,0.8179552584513443,0.054737289625260095,0.1281052885460484,0.08714021167265547,0.18903782555197182,0.3037020231131169,0.17479550164947694,0.042927279936882466,0.019554579904587876,0.006725970926448254,0.03167715339553048,0.00694293773052723,0.06140160555435018,0.2558038620091126,0.24256888696029508,0.1431980906921241,0.25168149273161206,0.0,0.0,0.0,0.020161290322580645,0.04233870967741935,0.16532258064516128,0.16330645161290322,0.6088709677419355,83,3893,305,681,364,686,1021,585,166,85,37,0,3,0,3,11,3,7,10,3691,105,97,37,0,0,202,0,0.0077876821393420975,0.010184999666065585,0.01362,0.011454465353389138,0.008399554309363177,0.007941199346659407,0.006107300573146669,0.003456173225067666,0.002491937848138376,7.401598745328991e-05,0.0,6e-05,0.0,3.6732744793133424e-05,8.555650618340204e-05,3.131949011870087e-05,0.00014574224443056422,0.0002931691586045148,0.9481119958900591,0.02697148728487028,0.02491651682507064,1.0,0.0,0.0,0.05188800410994092,0.0,[0],1.576923076923077,499893,29946,50000,31779,81671,128571,95788,48031,34107,161161,489246,26780,62675,42633,92486,148585,85518,21002,9567,4609,31,146,32,283,1179,1118,660,1160,496,283565,0,0,23210,63213,67737,65440,36067,27898,0.32239099167221785,0.009219973074237888,0.0010351966873706005,0.00292,0.0010069542779823153,0.00346512225881892,0.009170030566768557,0.011671608134630643,0.013741125523099664,0.03401061365702055,0.0009922123334393561,0.5672513917978448,0.0,0.0,0.7303565247490481,0.7739956655361144,0.5268450894836316,0.6831753455547668,0.7509108700630842,0.8179552584513443,0.054737289625260095,0.1281052885460484,0.08714021167265547,0.18903782555197182,0.3037020231131169,0.17479550164947694,0.042927279936882466,0.019554579904587876,83,3893,305,681,364,686,1021,585,166,85,37,0,3,0,3,11,3,7,10,3691,105,97,37,0,0,202,0,0.0077876821393420975,0.010184999666065585,0.01362,0.011454465353389138,0.008399554309363177,0.007941199346659407,0.006107300573146669,0.003456173225067666,0.002491937848138376,7.401598745328991e-05,0.0,6e-05,0.0,3.6732744793133424e-05,8.555650618340204e-05,3.131949011870087e-05,0.00014574224443056422,0.0002931691586045148,0.9481119958900591,0.02697148728487028,0.02491651682507064,1.0,0.0,0.0,0.05188800410994092,0.0,[0]
1.6153846153846154,499890,29946,50000,31779,81672,128571,95788,48030,34103,159922,493939,27140,63454,43052,93356,149885,86206,21187,9659,4649,31,147,32,286,1188,1125,669,1171,502,0,0,0,10,21,83,82,306,290056,0,0,23616,63870,70889,67105,36634,27942,0.31991438116385607,0.009300046010122227,0.0010351966873706005,0.00294,0.0010069542779823153,0.0035018121265550004,0.009240030800102666,0.011744686181985218,0.013928794503435354,0.034337155088995104,0.001004220928604293,0.0,0.0,0.0,0.00012244098344597903,0.0001633338777795926,0.0008664968472042427,0.0017072662919008952,0.008972817640676773,0.5802396527235992,0.0,0.0,0.7431322571509488,0.7820305612694681,0.5513607267579781,0.7005574811041049,0.7627316260670415,0.8193414069143478,0.054946056091946575,0.12846525583118562,0.08716056031210331,0.1890030955239412,0.303448401523265,0.17452762385638712,0.04289396059027532,0.0195550462708958,0.006668100666810067,0.03161970316197032,0.006883200688320069,0.06151860615186062,0.2555388255538826,0.2419875241987524,0.14390191439019143,0.2518821251882125,0.0,0.0,0.0,0.0199203187250996,0.04183266932270916,0.16533864541832669,0.16334661354581673,0.6095617529880478,84,4693,360,779,419,870,1300,688,185,92,40,0,1,0,3,9,7,9,11,4371,156,166,39,0,1,322,1,0.009388009033933262,0.012021638950110198,0.01558,0.013184807577330942,0.010652495990008693,0.010111144814927161,0.007182528082849626,0.0038516791238991485,0.0026973934969361127,8.00171236644642e-05,0.0,2e-05,0.0,3.6732744793133424e-05,7.000023333411111e-05,7.307804735457468e-05,0.0001873789844059045,0.000322514439851057,0.9313871723844023,0.0332409972299169,0.0353718303856808,0.975,0.0,0.025,0.0686128276155977,0.025,[0],1.5961538461538463,499890,29946,50000,31779,81672,128571,95788,48030,34103,159922,493939,27140,63454,43052,93356,149885,86206,21187,9659,4649,31,147,32,286,1188,1125,669,1171,502,290056,0,0,23616,63870,70889,67105,36634,27942,0.31991438116385607,0.009300046010122227,0.0010351966873706005,0.00294,0.0010069542779823153,0.0035018121265550004,0.009240030800102666,0.011744686181985218,0.013928794503435354,0.034337155088995104,0.001004220928604293,0.5802396527235992,0.0,0.0,0.7431322571509488,0.7820305612694681,0.5513607267579781,0.7005574811041049,0.7627316260670415,0.8193414069143478,0.054946056091946575,0.12846525583118562,0.08716056031210331,0.1890030955239412,0.303448401523265,0.17452762385638712,0.04289396059027532,0.0195550462708958,84,4693,360,779,419,870,1300,688,185,92,40,0,1,0,3,9,7,9,11,4371,156,166,39,0,1,322,1,0.009388009033933262,0.012021638950110198,0.01558,0.013184807577330942,0.010652495990008693,0.010111144814927161,0.007182528082849626,0.0038516791238991485,0.0026973934969361127,8.00171236644642e-05,0.0,2e-05,0.0,3.6732744793133424e-05,7.000023333411111e-05,7.307804735457468e-05,0.0001873789844059045,0.000322514439851057,0.9313871723844023,0.0332409972299169,0.0353718303856808,0.975,0.0,0.025,0.0686128276155977,0.025,[0]
1.6346153846153848,499893,29947,50000,31781,81672,128573,95789,48029,34101,158132,499305,27546,64353,43540,94365,151302,87005,21421,9773,4683,32,148,32,287,1194,1136,675,1179,505,0,0,0,10,21,83,83,308,296082,0,0,23971,64412,73939,68675,37115,27970,0.3163316949827263,0.009368004753017146,0.001068554446188266,0.00296,0.0010068909096630062,0.0035140562248995983,0.009286553164350213,0.011859399304721836,0.014054009036207292,0.0345737661652151,0.0010102161862638604,0.0,0.0,0.0,0.00012244098344597903,0.0001633313370614359,0.0008664878013133032,0.001728122592600304,0.00903199319668045,0.5922907502205472,0.0,0.0,0.7542556873603725,0.7886668625722402,0.5750740824278814,0.7169403584962782,0.7727622894501239,0.8202105510102343,0.05516868447141527,0.128885150358999,0.08720120968145723,0.18899269985279538,0.30302520503499863,0.17425221057269605,0.04290163327024564,0.019573206757392776,0.006833226564168268,0.03160367285927824,0.006833226564168268,0.061285500747384154,0.2549647661755285,0.24257954302797352,0.1441383728379244,0.2517616912235746,0.0,0.0,0.0,0.019801980198019802,0.041584158415841586,0.16435643564356436,0.16435643564356436,0.6099009900990099,85,5366,406,899,488,1009,1417,799,234,114,34,1,1,0,1,6,11,6,8,4804,312,250,33,1,0,562,1,0.010734361559543099,0.013557737260402058,0.01798,0.01535605273923031,0.012354295229699285,0.011021147848270605,0.008341337119472167,0.004871955028107433,0.003342814415154092,6.801496329192422e-05,3.339344152808389e-05,2e-05,0.0,1.2244098344597904e-05,4.666682222274074e-05,0.00011483693155718879,0.00012492192379762648,0.0002345834677301117,0.8952664927320164,0.05814386880357809,0.04658963846440552,0.9705882352941176,0.029411764705882353,0.0,0.1047335072679836,0.029411764705882353,[0],1.6153846153846154,499893,29947,50000,31781,81672,128573,95789,48029,34101,158132,499305,27546,64353,43540,94365,151302,87005,21421,9773,4683,32,148,32,287,1194,1136,675,1179,505,296082,0,0,23971,64412,73939,68675,37115,27970,0.3163316949827263,0.009368004753017146,0.001068554446188266,0.00296,0.0010068909096630062,0.0035140562248995983,0.009286553164350213,0.011859399304721836,0.014054009036207292,0.0345737661652151,0.0010102161862638604,0.5922907502205472,0.0,0.0,0.7542556873603725,0.7886668625722402,0.5750740824278814,0.7169403584962782,0.7727622894501239,0.8202105510102343,0.05516868447141527,0.128885150358999,0.08720120968145723,0.18899269985279538,0.30302520503499863,0.17425221057269605,0.04290163327024564,0.019573206757392776,85,5366,406,899,488,1009,1417,799,234,114,34,1,1,0,1,6,11,6,8,4804,312,250,33,1,0,562,1,0.010734361559543099,0.013557737260402058,0.01798,0.01535605273923031,0.012354295229699285,0.011021147848270605,0.008341337119472167,0.004871955028107433,0.003342814415154092,6.801496329192422e-05,3.339344152808389e-05,2e-05,0.0,1.2244098344597904e-05,4.666682222274074e-05,0.00011483693155718879,0.00012492192379762648,0.0002345834677301117,0.8952664927320164,0.05814386880357809,0.04658963846440552,0.9705882352941176,0.029411764705882353,0.0,0.1047335072679836,0.029411764705882353,[0]
1.653846153846154,499891,29948,50000,31781,81673,128572,95789,48030,34098,155795,505959,28042,65438,44148,95576,153161,87984,21693,9917,4727,32,150,32,288,1206,1143,680,1196,511,0,0,0,10,23,83,84,311,301608,0,0,24285,64823,76855,70109,37532,28004,0.311657941431232,0.009456061421389862,0.0010685187658608254,0.003,0.0010068909096630062,0.0035262571474048952,0.009379958311296394,0.011932476589169946,0.014157818030397668,0.03507537098950085,0.0010222228445801184,0.0,0.0,0.0,0.0001224394842848922,0.0001788880938306941,0.0008664878013133032,0.0017489069331667708,0.009120769546600974,0.603347529761488,0.0,0.0,0.7641358044114408,0.7936894689799566,0.5977584544068693,0.7319107621960768,0.7814282739954195,0.821279840459851,0.05542346316598776,0.1293345903521827,0.08725608201455058,0.18890068167578797,0.3027142515500268,0.1738955132728146,0.04287501556450226,0.01960040240414737,0.006769621324307171,0.031732599957689865,0.006769621324307171,0.060926591918764546,0.2551301036598265,0.24180241167759678,0.1438544531415274,0.25301459699598056,0.0,0.0,0.0,0.019569471624266144,0.04500978473581213,0.162426614481409,0.1643835616438356,0.6086105675146771,86,6654,496,1085,608,1211,1859,979,272,144,44,0,2,0,1,12,7,5,17,5633,518,503,41,1,2,1021,3,0.013310848521583618,0.016562593915918123,0.0217,0.019130927283597117,0.014827603095308062,0.014458712171295685,0.010220380210671372,0.0056632451227383454,0.00422275006598047,8.801883603091062e-05,0.0,4e-05,0.0,1.2244098344597904e-05,9.333219260653481e-05,7.307728444810991e-05,0.00010410377063857253,0.0004985191050115832,0.8465584610760445,0.07784791103095882,0.07559362789299669,0.9318181818181818,0.022727272727272728,0.045454545454545456,0.1534415389239555,0.06818181818181818,[0],1.6346153846153848,499891,29948,50000,31781,81673,128572,95789,48030,34098,155795,505959,28042,65438,44148,95576,153161,87984,21693,9917,4727,32,150,32,288,1206,1143,680,1196,511,301608,0,0,24285,64823,76855,70109,37532,28004,0.311657941431232,0.009456061421389862,0.0010685187658608254,0.003,0.0010068909096630062,0.0035262571474048952,0.009379958311296394,0.011932476589169946,0.014157818030397668,0.03507537098950085,0.0010222228445801184,0.603347529761488,0.0,0.0,0.7641358044114408,0.7936894689799566,0.5977584544068693,0.7319107621960768,0.7814282739954195,0.821279840459851,0.05542346316598776,0.1293345903521827,0.08725608201455058,0.18890068167578797,0.3027142515500268,0.1738955132728146,0.04287501556450226,0.01960040240414737,86,6654,496,1085,608,1211,1859,979,272,144,44,0,2,0,1,12,7,5,17,5633,518,503,41,1,2,1021,3,0.013310848521583618,0.016562593915918123,0.0217,0.019130927283597117,0.014827603095308062,0.014458712171295685,0.010220380210671372,0.0056632451227383454,0.00422275006598047,8.801883603091062e-05,0.0,4e-05,0.0,1.2244098344597904e-05,9.333219260653481e-05,7.307728444810991e-05,0.00010410377063857253,0.0004985191050115832,0.8465584610760445,0.07784791103095882,0.07559362789299669,0.9318181818181818,0.022727272727272728,0.045454545454545456,0.1534415389239555,0.06818181818181818,[0]
1.6730769230769231,499897,29949,50000,31782,81675,128578,95787,48029,34096,152650,513791,28676,66629,44863,97037,155243,89212,22036,10095,4789,32,150,32,292,1227,1160,692,1204,517,0,0,0,10,23,86,85,313,306662,0,0,24552,65153,79597,71425,37906,28029,0.30536290475838024,0.009579973474535755,0.001068483087916124,0.003,0.0010068592284941161,0.0035751453933272116,0.009542845587892174,0.012110202845897668,0.014407961856378437,0.03531206006569686,0.0010342130478878649,0.0,0.0,0.0,0.0001224364860728497,0.00017887974614630808,0.0008978253834027582,0.001769764100855733,0.009179962458939464,0.61345037077638,0.0,0.0,0.7725127430621106,0.7977104377104377,0.6190561371307689,0.7456648605760698,0.789231505965146,0.8220612388549976,0.05581257748773334,0.12968113493619002,0.08731760579690964,0.18886473293615497,0.30215204236742177,0.17363480481363044,0.04288903464638345,0.019648067015576372,0.00668197953643767,0.031321779077051574,0.00668197953643767,0.06097306326999374,0.25621215285028187,0.24222175819586553,0.14449780747546462,0.2514094800584673,0.0,0.0,0.0,0.019342359767891684,0.04448742746615087,0.16634429400386846,0.1644100580270793,0.6054158607350096,87,7832,634,1191,715,1461,2082,1228,343,178,62,0,0,0,4,21,17,12,8,6034,909,889,55,7,0,1798,7,0.015667415496578255,0.021170028048617603,0.02382,0.022497718762782795,0.01788840865402275,0.01619326136328283,0.012819843614611281,0.007141369977097647,0.005220247521848789,0.00012402703789426094,0.0,0.0,0.0,4.8975793713956875e-05,0.00016333260741063373,0.00017747340508826693,0.00024984384759525296,0.00023461786615050736,0.7704290091930541,0.11606230847803882,0.11350868232890705,0.8870967741935484,0.11290322580645161,0.0,0.22957099080694587,0.11290322580645161,[0],1.653846153846154,499897,29949,50000,31782,81675,128578,95787,48029,34096,152650,513791,28676,66629,44863,97037,155243,89212,22036,10095,4789,32,150,32,292,1227,1160,692,1204,517,306662,0,0,24552,65153,79597,71425,37906,28029,0.30536290475838024,0.009579973474535755,0.001068483087916124,0.003,0.0010068592284941161,0.0035751453933272116,0.009542845587892174,0.012110202845897668,0.014407961856378437,0.03531206006569686,0.0010342130478878649,0.61345037077638,0.0,0.0,0.7725127430621106,0.7977104377104377,0.6190561371307689,0.7456648605760698,0.789231505965146,0.8220612388549976,0.05581257748773334,0.12968113493619002,0.08731760579690964,0.18886473293615497,0.30215204236742177,0.17363480481363044,0.04288903464638345,0.019648067015576372,87,7832,634,1191,715,1461,2082,1228,343,178,62,0,0,0,4,21,17,12,8,6034,909,889,55,7,0,1798,7,0.015667415496578255,0.021170028048617603,0.02382,0.022497718762782795,0.01788840865402275,0.01619326136328283,0.012819843614611281,0.007141369977097647,0.005220247521848789,0.00012402703789426094,0.0,0.0,0.0,4.8975793713956875e-05,0.00016333260741063373,0.00017747340508826693,0.00024984384759525296,0.00023461786615050736,0.7704290091930541,0.11606230847803882,0.11350868232890705,0.8870967741935484,0.11290322580645161,0.0,0.22957099080694587,0.11290322580645161,[0]
1.6923076923076925,499890,29949,50000,31782,81675,128578,95785,48028,34092,148940,523166,29325,67965,45745,98770,157870,90723,22438,10330,4853,33,155,32,295,1241,1174,703,1220,525,0,0,0,10,24,88,86,317,311197,0,0,24791,65413,82199,72535,38215,28044,0.2979455480205645,0.009708135789873772,0.0011018731844135029,0.0031,0.0010068592284941161,0.0036118763391490664,0.009651728911633406,0.01225661638043535,0.014637294911301741,0.03578552152997771,0.0010502310508311828,0.0,0.0,0.0,0.0001224364860728497,0.00018665712641353886,0.0009187242261314402,0.0017906221370866994,0.009298369118854862,0.6225309568104983,0.0,0.0,0.7800327229249261,0.8008937863483317,0.6392928805861033,0.7572688834368638,0.7956816856833514,0.82259767687434,0.05605295451156994,0.12991096516210915,0.08743878615965105,0.18879284968824428,0.3017589063509479,0.1734114984536457,0.042888872747846765,0.019745166925985252,0.006799917576756645,0.031939006799917576,0.00659385946837008,0.06078714197403668,0.2557181125077272,0.24191221924582731,0.1448588501957552,0.2513908922316093,0.0,0.0,0.0,0.01904761904761905,0.045714285714285714,0.1676190476190476,0.16380952380952382,0.6038095238095238,88,9375,649,1336,882,1733,2627,1511,402,235,64,1,5,0,3,14,14,11,16,6451,1479,1445,55,6,3,2924,9,0.018753863295838943,0.021670172626798892,0.02672,0.027751557485369078,0.021218243036424854,0.020431177962015275,0.01577458318978567,0.00836994315934123,0.006892304082590333,0.00012802637343292718,3.339009649737888e-05,0.0001,0.0,3.6730945821854914e-05,0.000108883323741231,0.0001461576205539374,0.00022902829540485955,0.0004692632566870014,0.6881066666666666,0.15776,0.15413333333333334,0.859375,0.09375,0.046875,0.31189333333333336,0.140625,[0],1.6730769230769231,499890,29949,50000,31782,81675,128578,95785,48028,34092,148940,523166,29325,67965,45745,98770,157870,90723,22438,10330,4853,33,155,32,295,1241,1174,703,1220,525,311197,0,0,24791,65413,82199,72535,38215,28044,0.2979455480205645,0.009708135789873772,0.0011018731844135029,0.0031,0.0010068592284941161,0.0036118763391490664,0.009651728911633406,0.01225661638043535,0.014637294911301741,0.03578552152997771,0.0010502310508311828,0.6225309568104983,0.0,0.0,0.7800327229249261,0.8008937863483317,0.6392928805861033,0.7572688834368638,0.7956816856833514,0.82259767687434,0.05605295451156994,0.12991096516210915,0.08743878615965105,0.18879284968824428,0.3017589063509479,0.1734114984536457,0.042888872747846765,0.019745166925985252,88,9375,649,1336,882,1733,2627,1511,402,235,64,1,5,0,3,14,14,11,16,6451,1479,1445,55,6,3,2924,9,0.018753863295838943,0.021670172626798892,0.02672,0.027751557485369078,0.021218243036424854,0.020431177962015275,0.01577458318978567,0.00836994315934123,0.006892304082590333,0.00012802637343292718,3.339009649737888e-05,0.0001,0.0,3.6730945821854914e-05,0.000108883323741231,0.0001461576205539374,0.00022902829540485955,0.0004692632566870014,0.6881066666666666,0.15776,0.15413333333333334,0.859375,0.09375,0.046875,0.31189333333333336,0.140625,[0]
1.7115384615384617,499895,29950,50001,31782,81675,128580,95786,48027,34093,144101,534603,30075,69451,46780,101068,161137,92567,22924,10601,4929,33,157,32,303,1259,1187,719,1239,527,0,0,0,11,24,88,87,317,315404,0,0,24972,65642,84765,73527,38446,28052,0.2882625351323778,0.009860070614829113,0.0011018363939899834,0.0031399372012559748,0.0010068592284941161,0.003709825528007346,0.009791569450925493,0.012392207629507443,0.014970745622254148,0.036341771038043,0.0010542213864911632,0.0,0.0,0.0,0.00013468013468013467,0.00018665422305179653,0.0009187146347065333,0.0018114810419139235,0.009298096383421817,0.6309404975044759,0.0,0.0,0.7857277704360959,0.8036975818794001,0.659239384041064,0.7676173971144008,0.8005080475565828,0.8228082010969994,0.056256698896190255,0.12991135478102442,0.08750418534875412,0.18905243704206673,0.3014143205331807,0.17315091759679613,0.04288041780536211,0.019829667996625534,0.006695069993913573,0.03185230269831609,0.006492189085007101,0.06147291539866099,0.25542706431324813,0.24081963887198216,0.1458713735037533,0.2513694461351187,0.0,0.0,0.0,0.020872865275142316,0.04554079696394687,0.16698292220113853,0.1650853889943074,0.6015180265654649,89,11437,750,1486,1035,2298,3267,1844,486,271,76,0,2,0,8,18,13,16,19,6751,2325,2361,66,9,1,4686,10,0.022879033387345215,0.025042572373034158,0.02972,0.03256560317160657,0.028135904499540863,0.025408701333042977,0.019251448556663362,0.010119097193303906,0.007949078962806524,0.00015203344735841885,0.0,4e-05,0.0,9.794918885827977e-05,0.00013999284481015415,0.00013572062431487184,0.00033313900224868825,0.0005573154992373577,0.5902771705866923,0.2032875754131328,0.20643525400017487,0.868421052631579,0.11842105263157894,0.013157894736842105,0.4097228294133077,0.13157894736842105,[0],1.6923076923076925,499895,29950,50001,31782,81675,128580,95786,48027,34093,144101,534603,30075,69451,46780,101068,161137,92567,22924,10601,4929,33,157,32,303,1259,1187,719,1239,527,315404,0,0,24972,65642,84765,73527,38446,28052,0.2882625351323778,0.009860070614829113,0.0011018363939899834,0.0031399372012559748,0.0010068592284941161,0.003709825528007346,0.009791569450925493,0.012392207629507443,0.014970745622254148,0.036341771038043,0.0010542213864911632,0.6309404975044759,0.0,0.0,0.7857277704360959,0.8036975818794001,0.659239384041064,0.7676173971144008,0.8005080475565828,0.8228082010969994,0.056256698896190255,0.12991135478102442,0.08750418534875412,0.18905243704206673,0.3014143205331807,0.17315091759679613,0.04288041780536211,0.019829667996625534,89,11437,750,1486,1035,2298,3267,1844,486,271,76,0,2,0,8,18,13,16,19,6751,2325,2361,66,9,1,4686,10,0.022879033387345215,0.025042572373034158,0.02972,0.03256560317160657,0.028135904499540863,0.025408701333042977,0.019251448556663362,0.010119097193303906,0.007949078962806524,0.00015203344735841885,0.0,4e-05,0.0,9.794918885827977e-05,0.00013999284481015415,0.00013572062431487184,0.00033313900224868825,0.0005573154992373577,0.5902771705866923,0.2032875754131328,0.20643525400017487,0.868421052631579,0.11842105263157894,0.013157894736842105,0.4097228294133077,0.13157894736842105,[0]
1.7307692307692308,499892,29950,50002,31782,81677,128580,95784,48026,34089,138238,548667,30896,71070,48074,103951,165237,94939,23559,10941,5025,34,160,32,307,1280,1207,734,1271,535,0,0,0,11,25,90,88,321,319178,0,0,25138,65811,87198,74326,38644,28061,0.2765357317180511,0.010052171268994103,0.0011352253756260434,0.003199872005119795,0.0010068592284941161,0.0037587080818345434,0.009954891896095816,0.012601269523093627,0.015283388164744097,0.03728475461292499,0.0010702311699327055,0.0,0.0,0.0,0.00013467683680840384,0.0001944314823456214,0.0009396141317965422,0.0018323408153916628,0.00941652732553023,0.638493914685572,0.0,0.0,0.7909508526839091,0.8057470279270786,0.6781614559029399,0.7759751106656644,0.8046474826135843,0.8231687641174572,0.05631102289731294,0.1295321205758684,0.08761963085077105,0.1894610027575925,0.3011608133895423,0.1730357393464524,0.042938613038509696,0.019941057143950704,0.006766169154228856,0.031840796019900496,0.006368159203980099,0.06109452736318408,0.25472636815920396,0.2401990049751244,0.14606965174129352,0.25293532338308455,0.0,0.0,0.0,0.020560747663551402,0.04672897196261682,0.16822429906542055,0.16448598130841122,0.6,90,14064,821,1619,1294,2883,4100,2372,635,340,96,1,3,0,4,21,20,15,32,6855,3502,3707,72,19,5,7209,24,0.028133908120705348,0.027412353923205342,0.03237935241295174,0.040714870052230824,0.03529843893480257,0.03188676310468191,0.024763535380953376,0.013221729443854498,0.009972721673070718,0.00019204032846897848,3.33889816360601e-05,5.999880002399952e-05,0.0,4.8974594429139885e-05,0.00016332244517032197,0.0002087987806151212,0.0003123243175713661,0.0009386090986419499,0.4874146757679181,0.24900455062571103,0.2635807736063709,0.75,0.19791666666666666,0.052083333333333336,0.5125853242320819,0.25,[0],1.7115384615384617,499892,29950,50002,31782,81677,128580,95784,48026,34089,138238,548667,30896,71070,48074,103951,165237,94939,23559,10941,5025,34,160,32,307,1280,1207,734,1271,535,319178,0,0,25138,65811,87198,74326,38644,28061,0.2765357317180511,0.010052171268994103,0.0011352253756260434,0.003199872005119795,0.0010068592284941161,0.0037587080818345434,0.009954891896095816,0.012601269523093627,0.015283388164744097,0.03728475461292499,0.0010702311699327055,0.638493914685572,0.0,0.0,0.7909508526839091,0.8057470279270786,0.6781614559029399,0.7759751106656644,0.8046474826135843,0.8231687641174572,0.05631102289731294,0.1295321205758684,0.08761963085077105,0.1894610027575925,0.3011608133895423,0.1730357393464524,0.042938613038509696,0.019941057143950704,90,14064,821,1619,1294,2883,4100,2372,635,340,96,1,3,0,4,21,20,15,32,6855,3502,3707,72,19,5,7209,24,0.028133908120705348,0.027412353923205342,0.03237935241295174,0.040714870052230824,0.03529843893480257,0.03188676310468191,0.024763535380953376,0.013221729443854498,0.009972721673070718,0.00019204032846897848,3.33889816360601e-05,5.999880002399952e-05,0.0,4.8974594429139885e-05,0.00016332244517032197,0.0002087987806151212,0.0003123243175713661,0.0009386090986419499,0.4874146757679181,0.24900455062571103,0.2635807736063709,0.75,0.19791666666666666,0.052083333333333336,0.5125853242320819,0.25,[0]
1.7500000000000002,499889,29950,50003,31783,81677,128583,95783,48026,34082,131262,565554,31770,72834,49728,107362,170283,97867,24347,11363,5142,34,165,33,311,1300,1222,752,1325,544,0,0,0,11,25,91,88,329,322703,0,0,25266,65953,89604,75020,38788,28072,0.26258229326910576,0.010286283554949198,0.0011352253756260434,0.003299802011879287,0.0010382909102350313,0.0038076814770375994,0.01011020119300374,0.012758005073969285,0.015658185149710572,0.03887682647731941,0.0010882415896328985,0.0,0.0,0.0,0.00013467683680840384,0.0001944269460193027,0.0009500642076360105,0.0018323408153916628,0.009653189366821196,0.6455493119472523,0.0,0.0,0.7949532769090394,0.8074855834567871,0.696857282844544,0.7832287566687199,0.8076458584933162,0.8236605832991022,0.056175007161119894,0.12878345834350036,0.08792794322027604,0.18983509974290697,0.30109061203704685,0.17304625199362042,0.04304982371267819,0.020091803788851285,0.0066122131466355505,0.03208868144690782,0.006417736289381563,0.060482302605989885,0.2528199144301828,0.23765071956437184,0.14624659665499806,0.2576818358615325,0.0,0.0,0.0,0.02022058823529412,0.04595588235294118,0.16727941176470587,0.16176470588235295,0.6047794117647058,91,16887,874,1764,1654,3411,5046,2928,788,422,117,0,5,1,4,20,15,18,54,6520,5025,5342,71,37,9,10367,46,0.03378129676010018,0.029181969949916526,0.03527858885644574,0.05204203637278963,0.04176206275940595,0.03924405039664022,0.030568779754447505,0.016407779119643525,0.012379359910821673,0.0002340505549198627,0.0,9.99960001599936e-05,3.146435089044113e-05,4.897339520305594e-05,0.00015554518587649713,0.00015660235529942371,0.0003747969849664765,0.0015840887089677022,0.38609581334754545,0.2975661751643276,0.31633801148812696,0.6068376068376068,0.3162393162393162,0.07692307692307693,0.6139041866524545,0.39316239316239315,[0],1.7307692307692308,499889,29950,50003,31783,81677,128583,95783,48026,34082,131262,565554,31770,72834,49728,107362,170283,97867,24347,11363,5142,34,165,33,311,1300,1222,752,1325,544,322703,0,0,25266,65953,89604,75020,38788,28072,0.26258229326910576,0.010286283554949198,0.0011352253756260434,0.003299802011879287,0.0010382909102350313,0.0038076814770375994,0.01011020119300374,0.012758005073969285,0.015658185149710572,0.03887682647731941,0.0010882415896328985,0.6455493119472523,0.0,0.0,0.7949532769090394,0.8074855834567871,0.696857282844544,0.7832287566687199,0.8076458584933162,0.8236605832991022,0.056175007161119894,0.12878345834350036,0.08792794322027604,0.18983509974290697,0.30109061203704685,0.17304625199362042,0.04304982371267819,0.020091803788851285,91,16887,874,1764,1654,3411,5046,2928,788,422,117,0,5,1,4,20,15,18,54,6520,5025,5342,71,37,9,10367,46,0.03378129676010018,0.029181969949916526,0.03527858885644574,0.05204203637278963,0.04176206275940595,0.03924405039664022,0.030568779754447505,0.016407779119643525,0.012379359910821673,0.0002340505549198627,0.0,9.99960001599936e-05,3.146435089044113e-05,4.897339520305594e-05,0.00015554518587649713,0.00015660235529942371,0.0003747969849664765,0.0015840887089677022,0.38609581334754545,0.2975661751643276,0.31633801148812696,0.6068376068376068,0.3162393162393162,0.07692307692307693,0.6139041866524545,0.39316239316239315,[0]
1.7692307692307694,499880,29950,50003,31783,81678,128583,95782,48024,34075,123414,586122,32869,74606,51635,111658,176589,101569,25335,11861,5284,37,167,34,319,1327,1258,769,1373,556,0,0,0,11,26,93,90,336,325908,0,0,25373,66062,91861,75632,38903,28077,0.24688725294070576,0.010570536928862928,0.0012353923205342236,0.0033397996120232785,0.0010697542711512443,0.0039055804500599915,0.010320182294704588,0.013133991772984485,0.016012826919873397,0.04029347028613353,0.001112266944066576,0.0,0.0,0.0,0.00013467518793310317,0.00020220402386007482,0.000970954876699171,0.0018740629685157421,0.009860601614086573,0.6519724733936144,0.0,0.0,0.7983198565270743,0.8088102059306056,0.7144101475311666,0.7896264433818463,0.8100741296018658,0.8239765223771093,0.056078768584014935,0.12728749304752254,0.08809599366684752,0.19050300108168605,0.3012836917911288,0.17328986115518613,0.043224789378320555,0.02023640129529347,0.007002271006813021,0.03160484481453445,0.006434519303557911,0.06037093111279334,0.2511355034065102,0.2380772142316427,0.1455336866010598,0.2598410295230886,0.0,0.0,0.0,0.019784172661870502,0.046762589928057555,0.1672661870503597,0.1618705035971223,0.60431654676259,92,20568,1099,1772,1907,4296,6306,3702,988,498,142,3,2,1,8,27,36,17,48,5923,6922,7723,74,54,14,14645,68,0.04114513421979679,0.03669449081803005,0.03543787372757635,0.060000629267218324,0.05259742644808208,0.04904225286390892,0.03864986479855507,0.02057219006371549,0.014611818555249106,0.000284063061999764,0.0001001669449081803,3.9997600143991364e-05,3.146336091621307e-05,9.794679040611189e-05,0.00020998110170084692,0.000375849576647213,0.0003539749302461167,0.001408368053517986,0.2879716063788409,0.3365422014780241,0.37548619214313494,0.5211267605633803,0.38028169014084506,0.09859154929577464,0.7120283936211591,0.4788732394366197,[0],1.7500000000000002,499880,29950,50003,31783,81678,128583,95782,48024,34075,123414,586122,32869,74606,51635,111658,176589,101569,25335,11861,5284,37,167,34,319,1327,1258,769,1373,556,325908,0,0,25373,66062,91861,75632,38903,28077,0.24688725294070576,0.010570536928862928,0.0012353923205342236,0.0033397996120232785,0.0010697542711512443,0.0039055804500599915,0.010320182294704588,0.013133991772984485,0.016012826919873397,0.04029347028613353,0.001112266944066576,0.6519724733936144,0.0,0.0,0.7983198565270743,0.8088102059306056,0.7144101475311666,0.7896264433818463,0.8100741296018658,0.8239765223771093,0.056078768584014935,0.12728749304752254,0.08809599366684752,0.19050300108168605,0.3012836917911288,0.17328986115518613,0.043224789378320555,0.02023640129529347,92,20568,1099,1772,1907,4296,6306,3702,988,498,142,3,2,1,8,27,36,17,48,5923,6922,7723,74,54,14,14645,68,0.04114513421979679,0.03669449081803005,0.03543787372757635,0.060000629267218324,0.05259742644808208,0.04904225286390892,0.03864986479855507,0.02057219006371549,0.014611818555249106,0.000284063061999764,0.0001001669449081803,3.9997600143991364e-05,3.146336091621307e-05,9.794679040611189e-05,0.00020998110170084692,0.000375849576647213,0.0003539749302461167,0.001408368053517986,0.2879716063788409,0.3365422014780241,0.37548619214313494,0.5211267605633803,0.38028169014084506,0.09859154929577464,0.7120283936211591,0.4788732394366197,[0]
1.7884615384615385,499864,29952,50003,31783,81679,128582,95781,48018,34064,114878,609774,34084,76412,53797,116556,183988,105964,26490,12483,5414,37,172,34,324,1356,1291,786,1414,575,0,0,0,11,27,94,96,347,330490,0,1725,25461,66148,93980,76129,38969,28078,0.2298185106348927,0.01083094601731671,0.001235309829059829,0.003439793612383257,0.0010697542711512443,0.003966747878891759,0.01054579956759111,0.013478664870903415,0.016368861676871172,0.04151009863785815,0.0011503128851047485,0.0,0.0,0.0,0.00013467353909817702,0.0002099827347529203,0.0009814054979588854,0.001999250281144571,0.010186707374354157,0.6611598354752493,0.0,0.03449793012419255,0.801088632287701,0.809853205842383,0.7308954597066464,0.7948236080224679,0.8115498354783622,0.8242719586660404,0.055896118889949394,0.12531200083965535,0.08822448972898156,0.1911462279467475,0.3017314611643002,0.17377585794081085,0.0434423245333517,0.020471518956203447,0.006834133727373477,0.03176948651643886,0.006280014776505356,0.05984484669375693,0.2504617657923901,0.2384558551902475,0.14517916512744736,0.2611747321758404,0.0,0.0,0.0,0.019130434782608695,0.04695652173913043,0.1634782608695652,0.16695652173913045,0.6034782608695652,93,23652,1215,1806,2162,4898,7399,4395,1155,622,130,0,5,0,5,29,33,17,41,5442,8628,9582,59,51,20,18210,71,0.04731535568536449,0.040567612687813025,0.0361178329300242,0.06802378630085265,0.05996718822693994,0.05754259894387283,0.04588544820529954,0.02405047476261869,0.018253851797505504,0.0002600624149795951,0.0,9.99940003599784e-05,0.0,6.12159945150469e-05,0.00022553525738239113,0.00034453237560293167,0.00035398967183075127,0.0012032281731474688,0.23008625063419583,0.3647894469812278,0.40512430238457636,0.45384615384615384,0.3923076923076923,0.15384615384615385,0.7699137493658041,0.5461538461538461,[0],1.7692307692307694,499864,29952,50003,31783,81679,128582,95781,48018,34064,114878,609774,34084,76412,53797,116556,183988,105964,26490,12483,5414,37,172,34,324,1356,1291,786,1414,575,330490,0,1725,25461,66148,93980,76129,38969,28078,0.2298185106348927,0.01083094601731671,0.001235309829059829,0.003439793612383257,0.0010697542711512443,0.003966747878891759,0.01054579956759111,0.013478664870903415,0.016368861676871172,0.04151009863785815,0.0011503128851047485,0.6611598354752493,0.0,0.03449793012419255,0.801088632287701,0.809853205842383,0.7308954597066464,0.7948236080224679,0.8115498354783622,0.8242719586660404,0.055896118889949394,0.12531200083965535,0.08822448972898156,0.1911462279467475,0.3017314611643002,0.17377585794081085,0.0434423245333517,0.020471518956203447,93,23652,1215,1806,2162,4898,7399,4395,1155,622,130,0,5,0,5,29,33,17,41,5442,8628,9582,59,51,20,18210,71,0.04731535568536449,0.040567612687813025,0.0361178329300242,0.06802378630085265,0.05996718822693994,0.05754259894387283,0.04588544820529954,0.02405047476261869,0.018253851797505504,0.0002600624149795951,0.0,9.99940003599784e-05,0.0,6.12159945150469e-05,0.00022553525738239113,0.00034453237560293167,0.00035398967183075127,0.0012032281731474688,0.23008625063419583,0.3647894469812278,0.40512430238457636,0.45384615384615384,0.3923076923076923,0.15384615384615385,0.7699137493658041,0.5461538461538461,[0]
1.807692307692308,499847,29952,50003,31783,81679,128583,95779,48018,34042,106648,635276,35233,78150,55963,121865,192221,110821,27857,13166,5565,38,176,35,331,1384,1321,808,1472,602,0,0,0,12,28,97,96,369,335089,0,3752,25522,66203,96000,76492,39038,28082,0.21336128855429762,0.01113340682248768,0.0012686965811965812,0.0035197888126712396,0.0011012176320674574,0.004052449221954236,0.010763475731628598,0.01379216738533499,0.01682702319963347,0.043240702661418245,0.0012043685367722522,0.0,0.0,0.0,0.0001469165881071022,0.00021775817954161904,0.0010127480971820545,0.001999250281144571,0.010839551142706069,0.6703831372399954,0.0,0.0750354978701278,0.80300789730359,0.8105265735378738,0.7465994727141224,0.798630179893296,0.8129867966179349,0.8249221549850185,0.05546093351551137,0.12301739716280798,0.08809241967270919,0.1918300077446653,0.3025787216894704,0.17444543788841385,0.04385023202513553,0.02072485030128637,0.006828391734052111,0.031626235399820304,0.006289308176100629,0.05947888589398023,0.24869721473495057,0.23737646001796944,0.14519317160826595,0.2645103324348607,0.0,0.0,0.0,0.019933554817275746,0.046511627906976744,0.1611295681063123,0.15946843853820597,0.6129568106312292,94,25502,1149,1738,2166,5309,8233,4857,1367,683,151,1,4,1,7,28,30,22,58,4336,9791,11375,55,78,18,21166,96,0.051017876862506605,0.03836137820512821,0.03475791452512849,0.06814963974451752,0.06499834718838379,0.06402917982299233,0.05070943088921603,0.028468490982548212,0.020050493189290745,0.000302082166349247,3.338675213675214e-05,7.999520028798273e-05,3.146336091621307e-05,8.570134306247628e-05,0.00021775987307710254,0.0003132145206251762,0.0004581615227622975,0.0017026773132926257,0.17002588032311192,0.3839306721041487,0.4460434475727394,0.36423841059602646,0.5165562913907285,0.11920529801324503,0.8299741196768881,0.6357615894039735,[0],1.7884615384615385,499847,29952,50003,31783,81679,128583,95779,48018,34042,106648,635276,35233,78150,55963,121865,192221,110821,27857,13166,5565,38,176,35,331,1384,1321,808,1472,602,335089,0,3752,25522,66203,96000,76492,39038,28082,0.21336128855429762,0.01113340682248768,0.0012686965811965812,0.0035197888126712396,0.0011012176320674574,0.004052449221954236,0.010763475731628598,0.01379216738533499,0.01682702319963347,0.043240702661418245,0.0012043685367722522,0.6703831372399954,0.0,0.0750354978701278,0.80300789730359,0.8105265735378738,0.7465994727141224,0.798630179893296,0.8129867966179349,0.8249221549850185,0.05546093351551137,0.12301739716280798,0.08809241967270919,0.1918300077446653,0.3025787216894704,0.17444543788841385,0.04385023202513553,0.02072485030128637,94,25502,1149,1738,2166,5309,8233,4857,1367,683,151,1,4,1,7,28,30,22,58,4336,9791,11375,55,78,18,21166,96,0.051017876862506605,0.03836137820512821,0.03475791452512849,0.06814963974451752,0.06499834718838379,0.06402917982299233,0.05070943088921603,0.028468490982548212,0.020050493189290745,0.000302082166349247,3.338675213675214e-05,7.999520028798273e-05,3.146336091621307e-05,8.570134306247628e-05,0.00021775987307710254,0.0003132145206251762,0.0004581615227622975,0.0017026773132926257,0.17002588032311192,0.3839306721041487,0.4460434475727394,0.36423841059602646,0.5165562913907285,0.11920529801324503,0.8299741196768881,0.6357615894039735,[0]
1.826923076923077,499828,29952,50003,31784,81679,128585,95776,48015,34030,99188,661713,36488,79926,58230,127113,200622,116020,29387,13927,5729,38,181,37,341,1405,1360,827,1540,622,0,0,0,12,28,101,99,382,339503,0,5680,25582,66263,97977,76826,39091,28084,0.19844426482710054,0.011461942908360476,0.0012686965811965812,0.003619782813031218,0.0011641077271583187,0.004174879712043487,0.010926624411867637,0.014199799532241897,0.01722378423409351,0.04525418748163385,0.0012444280832606418,0.0,0.0,0.0,0.0001469165881071022,0.00021775479254967532,0.0010545439358503174,0.002061855670103093,0.011225389362327358,0.6792396584425042,0.0,0.11359318440893547,0.8048703750314624,0.8112611564784094,0.7619629039156978,0.8021424991647177,0.8141414141414142,0.8252718189832501,0.05514173062944207,0.12078650411885515,0.08799887564548377,0.19209687583589866,0.30318582225224533,0.17533281044803412,0.04441049216200981,0.021046888908031126,0.006632920230406703,0.0315936463606214,0.006458369698027579,0.0595217315412812,0.24524349799266887,0.23738872403560832,0.14435329027753535,0.2688078198638506,0.0,0.0,0.0,0.01929260450160772,0.04501607717041801,0.16237942122186494,0.15916398713826366,0.6141479099678456,95,26437,1255,1776,2267,5248,8401,5199,1530,761,164,0,5,2,10,21,39,19,68,3362,10715,12360,52,89,23,23075,112,0.05289018439642531,0.04190037393162393,0.03551786892786433,0.07132743919705503,0.06425152119883935,0.06533523094032648,0.05428120986855156,0.0318630513557416,0.0223547382644968,0.0003281003987220089,0.0,9.99940003599784e-05,6.292672183242613e-05,0.00012243049008925182,0.00016331863465621427,0.00040718737927938274,0.00039568495147652966,0.0019975324599024735,0.1271702538109468,0.4053031735824791,0.4675265726065741,0.3170731707317073,0.5426829268292683,0.1402439024390244,0.8728297461890532,0.6829268292682927,[0],1.807692307692308,499828,29952,50003,31784,81679,128585,95776,48015,34030,99188,661713,36488,79926,58230,127113,200622,116020,29387,13927,5729,38,181,37,341,1405,1360,827,1540,622,339503,0,5680,25582,66263,97977,76826,39091,28084,0.19844426482710054,0.011461942908360476,0.0012686965811965812,0.003619782813031218,0.0011641077271583187,0.004174879712043487,0.010926624411867637,0.014199799532241897,0.01722378423409351,0.04525418748163385,0.0012444280832606418,0.6792396584425042,0.0,0.11359318440893547,0.8048703750314624,0.8112611564784094,0.7619629039156978,0.8021424991647177,0.8141414141414142,0.8252718189832501,0.05514173062944207,0.12078650411885515,0.08799887564548377,0.19209687583589866,0.30318582225224533,0.17533281044803412,0.04441049216200981,0.021046888908031126,95,26437,1255,1776,2267,5248,8401,5199,1530,761,164,0,5,2,10,21,39,19,68,3362,10715,12360,52,89,23,23075,112,0.05289018439642531,0.04190037393162393,0.03551786892786433,0.07132743919705503,0.06425152119883935,0.06533523094032648,0.05428120986855156,0.0318630513557416,0.0223547382644968,0.0003281003987220089,0.0,9.99940003599784e-05,6.292672183242613e-05,0.00012243049008925182,0.00016331863465621427,0.00040718737927938274,0.00039568495147652966,0.0019975324599024735,0.1271702538109468,0.4053031735824791,0.4675265726065741,0.3170731707317073,0.5426829268292683,0.1402439024390244,0.8728297461890532,0.6829268292682927,[0]
1.8461538461538463,499813,29952,50004,31785,81679,128585,95774,48014,34019,93280,687514,37543,81795,60166,132277,208940,121098,30986,14709,5884,38,182,37,352,1428,1400,857,1590,638,0,0,0,12,28,104,100,394,343526,0,7508,25626,66312,99777,77073,39140,28090,0.18662979954502984,0.011772402878676626,0.0012686965811965812,0.0036397088232941366,0.0011640711027214095,0.004309553251141665,0.01110549442003344,0.0146177459435755,0.01784896071979006,0.046738587260060555,0.0012764774025485531,0.0,0.0,0.0,0.0001469165881071022,0.00021775479254967532,0.0010858896986656087,0.0020827258716207774,0.011581763132367206,0.6873090535860412,0.0,0.15014798816094713,0.8062293534686172,0.8118610658798467,0.7759614262938912,0.804738237935139,0.8151789061523722,0.8257150415944031,0.05460688800518971,0.11897212274950038,0.08751239974749606,0.19239899114781664,0.30390653863048606,0.17613895862484255,0.045069627673036475,0.02139447342163214,0.00645819170632223,0.030931339225016997,0.00628823929299796,0.05982324949014276,0.24269204622705642,0.23793337865397687,0.1456492182188987,0.270224337185588,0.0,0.0,0.0,0.018808777429467086,0.0438871473354232,0.16300940438871472,0.15673981191222572,0.6175548589341693,96,25801,1055,1869,1936,5164,8318,5078,1599,782,155,0,1,0,11,23,40,30,50,2442,10865,12494,33,95,27,23359,122,0.05161975719647559,0.035223023504273504,0.037377757334559926,0.06091115026428392,0.06322310508208964,0.06468872730100711,0.05301954560641497,0.03330209309590753,0.022979723773141347,0.0003101066766967837,0.0,1.9998800071995682e-05,0.0,0.00013467353909817702,0.00017887000816580473,0.000417641162712997,0.0006248047485160887,0.0014692918013517484,0.09464749428316732,0.421107709003527,0.48424479671330567,0.2129032258064516,0.6129032258064516,0.17419354838709677,0.9053525057168327,0.7870967741935484,[0],1.826923076923077,499813,29952,50004,31785,81679,128585,95774,48014,34019,93280,687514,37543,81795,60166,132277,208940,121098,30986,14709,5884,38,182,37,352,1428,1400,857,1590,638,343526,0,7508,25626,66312,99777,77073,39140,28090,0.18662979954502984,0.011772402878676626,0.0012686965811965812,0.0036397088232941366,0.0011640711027214095,0.004309553251141665,0.01110549442003344,0.0146177459435755,0.01784896071979006,0.046738587260060555,0.0012764774025485531,0.6873090535860412,0.0,0.15014798816094713,0.8062293534686172,0.8118610658798467,0.7759614262938912,0.804738237935139,0.8151789061523722,0.8257150415944031,0.05460688800518971,0.11897212274950038,0.08751239974749606,0.19239899114781664,0.30390653863048606,0.17613895862484255,0.045069627673036475,0.02139447342163214,96,25801,1055,1869,1936,5164,8318,5078,1599,782,155,0,1,0,11,23,40,30,50,2442,10865,12494,33,95,27,23359,122,0.05161975719647559,0.035223023504273504,0.037377757334559926,0.06091115026428392,0.06322310508208964,0.06468872730100711,0.05301954560641497,0.03330209309590753,0.022979723773141347,0.0003101066766967837,0.0,1.9998800071995682e-05,0.0,0.00013467353909817702,0.00017887000816580473,0.000417641162712997,0.0006248047485160887,0.0014692918013517484,0.09464749428316732,0.421107709003527,0.48424479671330567,0.2129032258064516,0.6129032258064516,0.17419354838709677,0.9053525057168327,0.7870967741935484,[0]
1.8653846153846156,499800,29952,50005,31785,81682,128585,95772,48010,34006,89013,711240,38544,83450,61888,136737,216808,125840,32460,15513,6035,40,184,37,362,1456,1420,885,1651,658,0,0,0,12,28,107,104,407,347346,0,9421,25673,66331,101381,77281,39168,28091,0.17809723889555823,0.01207482993197279,0.0013354700854700855,0.0036796320367963203,0.0011640711027214095,0.004431820964227125,0.011323249212583117,0.014826880507872864,0.0184336596542387,0.0485502558372052,0.0013165266106442578,0.0,0.0,0.0,0.00014691119218432458,0.00021775479254967532,0.0011172367706636596,0.0021662153717975424,0.011968476151267423,0.694969987995198,0.0,0.1884011598840116,0.807708038382885,0.8120638573982027,0.7884356651242369,0.8069268679781146,0.8158300354092898,0.8260601070399342,0.05419267757718913,0.11733029638378044,0.08701422867105336,0.19225156065463134,0.30483099938136216,0.17693043135931613,0.04563860300320567,0.021811202969461783,0.006628003314001657,0.03048881524440762,0.006130903065451533,0.05998342999171499,0.24125932062966032,0.23529411764705882,0.14664457332228667,0.2735708367854184,0.0,0.0,0.0,0.0182370820668693,0.0425531914893617,0.16261398176291794,0.1580547112462006,0.6185410334346505,97,23726,1001,1655,1722,4460,7868,4742,1474,804,151,2,2,0,10,28,20,28,61,1753,10296,11677,25,106,20,21973,126,0.047469753687879264,0.03342013888888889,0.033097352211823056,0.05417649834827749,0.054603998579806315,0.061189096706458765,0.04951239376031073,0.030699379347690257,0.02363385167112496,0.00030211299025835665,6.677350427350428e-05,3.999680025597952e-05,0.0,0.00012243049008925182,0.00021775479254967532,0.0002088249420510786,0.0005831632440538177,0.0017931156118639584,0.07388518924386749,0.43395431172553317,0.49216049903059933,0.16556291390728478,0.7019867549668874,0.13245033112582782,0.9261148107561326,0.8344370860927153,[0],1.8461538461538463,499800,29952,50005,31785,81682,128585,95772,48010,34006,89013,711240,38544,83450,61888,136737,216808,125840,32460,15513,6035,40,184,37,362,1456,1420,885,1651,658,347346,0,9421,25673,66331,101381,77281,39168,28091,0.17809723889555823,0.01207482993197279,0.0013354700854700855,0.0036796320367963203,0.0011640711027214095,0.004431820964227125,0.011323249212583117,0.014826880507872864,0.0184336596542387,0.0485502558372052,0.0013165266106442578,0.694969987995198,0.0,0.1884011598840116,0.807708038382885,0.8120638573982027,0.7884356651242369,0.8069268679781146,0.8158300354092898,0.8260601070399342,0.05419267757718913,0.11733029638378044,0.08701422867105336,0.19225156065463134,0.30483099938136216,0.17693043135931613,0.04563860300320567,0.021811202969461783,97,23726,1001,1655,1722,4460,7868,4742,1474,804,151,2,2,0,10,28,20,28,61,1753,10296,11677,25,106,20,21973,126,0.047469753687879264,0.03342013888888889,0.033097352211823056,0.05417649834827749,0.054603998579806315,0.061189096706458765,0.04951239376031073,0.030699379347690257,0.02363385167112496,0.00030211299025835665,6.677350427350428e-05,3.999680025597952e-05,0.0,0.00012243049008925182,0.00021775479254967532,0.0002088249420510786,0.0005831632440538177,0.0017931156118639584,0.07388518924386749,0.43395431172553317,0.49216049903059933,0.16556291390728478,0.7019867549668874,0.13245033112582782,0.9261148107561326,0.8344370860927153,[0]
1.8846153846153848,499787,29952,50005,31785,81683,128587,95772,48004,33998,86208,732300,39398,85168,63231,140635,223565,130151,33905,16247,6171,41,184,38,367,1472,1444,918,1707,676,0,0,0,12,28,109,111,416,350861,0,11190,25707,66358,102838,77472,39204,28092,0.17248948051870097,0.012347259932731343,0.0013688568376068375,0.0036796320367963203,0.0011955324838760421,0.0044929789552293625,0.011447502469145403,0.015077475671386209,0.019123406382801432,0.0502088358138714,0.001352576197460118,0.0,0.0,0.0,0.00014690939363147778,0.00021775140566309193,0.0011381197009564382,0.0023123073077243564,0.012236013883169599,0.702021060971974,0.0,0.22377762223777622,0.8087777253421425,0.8123844618831336,0.7997542519850374,0.808921187821075,0.8166819431714024,0.8262838990528855,0.053800355045746276,0.11630206199644955,0.08634575993445309,0.1920456097227912,0.3052915471801174,0.177729072784378,0.04629933087532432,0.022186262460740135,0.0066439799060119915,0.029816885431858692,0.006157835034840383,0.05947172257332685,0.23853508345486954,0.23399773132393453,0.1487603305785124,0.2766164316966456,0.0,0.0,0.0,0.01775147928994083,0.04142011834319527,0.16124260355029585,0.16420118343195267,0.6153846153846154,98,21060,854,1718,1343,3898,6757,4311,1445,734,136,1,0,1,5,16,24,33,56,1181,9435,10444,21,91,24,19879,115,0.04213685474189676,0.028512286324786324,0.03435656434356564,0.0422526348906717,0.0477216522612081,0.052548897616362715,0.04501315624608445,0.03009789627161008,0.021584426277715698,0.00027210884353741496,3.338675213675214e-05,0.0,3.1461381154632686e-05,6.121299674346857e-05,0.0001244313100283859,0.0002505951635133442,0.0006873568006665278,0.0016467682173734047,0.05607787274453941,0.448005698005698,0.4959164292497626,0.15441176470588236,0.6691176470588235,0.17647058823529413,0.9439221272554605,0.8455882352941176,[0],1.8653846153846156,499787,29952,50005,31785,81683,128587,95772,48004,33998,86208,732300,39398,85168,63231,140635,223565,130151,33905,16247,6171,41,184,38,367,1472,1444,918,1707,676,350861,0,11190,25707,66358,102838,77472,39204,28092,0.17248948051870097,0.012347259932731343,0.0013688568376068375,0.0036796320367963203,0.0011955324838760421,0.0044929789552293625,0.011447502469145403,0.015077475671386209,0.019123406382801432,0.0502088358138714,0.001352576197460118,0.702021060971974,0.0,0.22377762223777622,0.8087777253421425,0.8123844618831336,0.7997542519850374,0.808921187821075,0.8166819431714024,0.8262838990528855,0.053800355045746276,0.11630206199644955,0.08634575993445309,0.1920456097227912,0.3052915471801174,0.177729072784378,0.04629933087532432,0.022186262460740135,98,21060,854,1718,1343,3898,6757,4311,1445,734,136,1,0,1,5,16,24,33,56,1181,9435,10444,21,91,24,19879,115,0.04213685474189676,0.028512286324786324,0.03435656434356564,0.0422526348906717,0.0477216522612081,0.052548897616362715,0.04501315624608445,0.03009789627161008,0.021584426277715698,0.00027210884353741496,3.338675213675214e-05,0.0,3.1461381154632686e-05,6.121299674346857e-05,0.0001244313100283859,0.0002505951635133442,0.0006873568006665278,0.0016467682173734047,0.05607787274453941,0.448005698005698,0.4959164292497626,0.15441176470588236,0.6691176470588235,0.17647058823529413,0.9439221272554605,0.8455882352941176,[0]
1.903846153846154,499771,29952,50006,31785,81683,128588,95771,48000,33982,84899,750416,40100,86721,64440,143777,229408,133878,35210,16882,6295,41,185,38,372,1497,1463,948,1751,698,0,0,0,12,28,111,115,432,354122,0,12968,25737,66377,104109,77620,39218,28093,0.16987580311782796,0.012595768862138859,0.0013688568376068375,0.003699556053273607,0.0011955324838760421,0.004554191202575811,0.011641832830435189,0.015276023013229474,0.01975,0.05152727914778412,0.0013966396609647218,0.0,0.0,0.0,0.00014690939363147778,0.0002177497122593088,0.0011590147330611564,0.002395833333333333,0.012712612559590372,0.708568524384168,0.0,0.2593288805343359,0.8097215667767815,0.81261706842305,0.8096323140572993,0.8104749872090716,0.8170416666666667,0.8267023718439174,0.053437026929063346,0.11556390055649134,0.08587236945907337,0.1915963945331656,0.3057077674250016,0.17840504466855717,0.046920641350930686,0.02249685507771689,0.006513105639396347,0.02938840349483717,0.006036536934074663,0.0590945194598888,0.23780778395552024,0.2324066719618745,0.1505957108816521,0.27815726767275617,0.0,0.0,0.0,0.017191977077363897,0.04011461318051576,0.15902578796561603,0.16475644699140402,0.6189111747851003,99,18116,702,1553,1209,3142,5843,3727,1305,635,124,0,1,0,5,25,19,30,44,736,8451,8929,15,92,17,17380,109,0.03624744141004068,0.0234375,0.031056894310568944,0.03803680981595092,0.0384657762325086,0.04544005226033736,0.038915340600593075,0.02718523456378635,0.018677569268780517,0.00024810569302522877,0.0,1.999800019998e-05,0.0,6.121224734644908e-05,0.00019442089791347494,0.0001983878377813975,0.0006249479210065828,0.0012941937761044768,0.04062706999337602,0.4664937072201369,0.4928792227864871,0.12096774193548387,0.7419354838709677,0.13709677419354838,0.9593729300066239,0.8790322580645161,[0],1.8846153846153848,499771,29952,50006,31785,81683,128588,95771,48000,33982,84899,750416,40100,86721,64440,143777,229408,133878,35210,16882,6295,41,185,38,372,1497,1463,948,1751,698,354122,0,12968,25737,66377,104109,77620,39218,28093,0.16987580311782796,0.012595768862138859,0.0013688568376068375,0.003699556053273607,0.0011955324838760421,0.004554191202575811,0.011641832830435189,0.015276023013229474,0.01975,0.05152727914778412,0.0013966396609647218,0.708568524384168,0.0,0.2593288805343359,0.8097215667767815,0.81261706842305,0.8096323140572993,0.8104749872090716,0.8170416666666667,0.8267023718439174,0.053437026929063346,0.11556390055649134,0.08587236945907337,0.1915963945331656,0.3057077674250016,0.17840504466855717,0.046920641350930686,0.02249685507771689,99,18116,702,1553,1209,3142,5843,3727,1305,635,124,0,1,0,5,25,19,30,44,736,8451,8929,15,92,17,17380,109,0.03624744141004068,0.0234375,0.031056894310568944,0.03803680981595092,0.0384657762325086,0.04544005226033736,0.038915340600593075,0.02718523456378635,0.018677569268780517,0.00024810569302522877,0.0,1.999800019998e-05,0.0,6.121224734644908e-05,0.00019442089791347494,0.0001983878377813975,0.0006249479210065828,0.0012941937761044768,0.04062706999337602,0.4664937072201369,0.4928792227864871,0.12096774193548387,0.7419354838709677,0.13709677419354838,0.9593729300066239,0.8790322580645161,[0]
1.9230769230769231,499750,29952,50006,31785,81685,128588,95770,47994,33967,84764,765406,40675,88098,65358,146381,234179,136881,36383,17451,6405,41,185,38,375,1514,1480,977,1795,721,0,0,0,12,28,113,121,447,356998,0,14653,25755,66395,105126,77745,39231,28093,0.1696128064032016,0.01281640820410205,0.0013688568376068375,0.003699556053273607,0.0011955324838760421,0.0045908061455591604,0.01177403801287834,0.015453691135010965,0.020356711255573614,0.052845408779109135,0.00144272136068034,0.0,0.0,0.0,0.00014690579665789313,0.0002177497122593088,0.0011799102015244858,0.002521148476892945,0.013159831601260047,0.7143531765882941,0.0,0.29302483701955767,0.8102878716375649,0.8128175307584011,0.8175412946775749,0.8117886603320456,0.8174146768346043,0.8270674478169988,0.05314173131645166,0.11509969872198546,0.08538997603886042,0.1912462144273758,0.3059539643012989,0.17883450090540184,0.047534249796839845,0.022799664491786057,0.006401249024199844,0.02888368462138954,0.005932864949258392,0.0585480093676815,0.23637782982045277,0.23106947697111632,0.15253708040593286,0.28024980483996875,0.0,0.0,0.0,0.016643550624133148,0.038834951456310676,0.15672676837725383,0.1678224687933426,0.6199722607489597,100,14990,575,1377,918,2604,4771,3003,1173,569,110,0,0,0,3,17,17,29,44,502,7265,7223,13,84,13,14488,97,0.029993737131606274,0.01919738247863248,0.027536695596528417,0.028881547899952807,0.03187933841803068,0.037102995613898654,0.03135604723768155,0.0244375,0.016744158672238243,0.00022010080616922552,0.0,0.0,0.0,3.6727348407869445e-05,0.00013220518244315177,0.0001775067609192762,0.0006041666666666667,0.0012948031310693897,0.03348899266177452,0.48465643762508337,0.4818545697131421,0.11818181818181818,0.7636363636363637,0.11818181818181818,0.9665110073382255,0.8818181818181818,[0],1.903846153846154,499750,29952,50006,31785,81685,128588,95770,47994,33967,84764,765406,40675,88098,65358,146381,234179,136881,36383,17451,6405,41,185,38,375,1514,1480,977,1795,721,356998,0,14653,25755,66395,105126,77745,39231,28093,0.1696128064032016,0.01281640820410205,0.0013688568376068375,0.003699556053273607,0.0011955324838760421,0.0045908061455591604,0.01177403801287834,0.015453691135010965,0.020356711255573614,0.052845408779109135,0.00144272136068034,0.7143531765882941,0.0,0.29302483701955767,0.8102878716375649,0.8128175307584011,0.8175412946775749,0.8117886603320456,0.8174146768346043,0.8270674478169988,0.05314173131645166,0.11509969872198546,0.08538997603886042,0.1912462144273758,0.3059539643012989,0.17883450090540184,0.047534249796839845,0.022799664491786057,100,14990,575,1377,918,2604,4771,3003,1173,569,110,0,0,0,3,17,17,29,44,502,7265,7223,13,84,13,14488,97,0.029993737131606274,0.01919738247863248,0.027536695596528417,0.028881547899952807,0.03187933841803068,0.037102995613898654,0.03135604723768155,0.0244375,0.016744158672238243,0.00022010080616922552,0.0,0.0,0.0,3.6727348407869445e-05,0.00013220518244315177,0.0001775067609192762,0.0006041666666666667,0.0012948031310693897,0.03348899266177452,0.48465643762508337,0.4818545697131421,0.11818181818181818,0.7636363636363637,0.11818181818181818,0.9665110073382255,0.8818181818181818,[0]
1.9423076923076925,499742,29953,50006,31785,81685,128591,95768,47992,33959,85497,778350,41177,89381,66133,148599,238243,139484,37368,17965,6501,41,187,38,380,1525,1499,993,1838,733,0,0,0,12,28,115,123,455,359688,0,16377,25764,66410,105971,77825,39248,28093,0.17108227845568313,0.013008712495647754,0.0013688111374486696,0.003739551253849538,0.0011955324838760421,0.004652016894166616,0.011859305861218904,0.015652409990811127,0.020690948491415236,0.054124090815395036,0.001466756846532811,0.0,0.0,0.0,0.00014690579665789313,0.00021774463220598642,0.0012008186450588923,0.002562927154525754,0.013398509967902471,0.719747389653061,0.0,0.32750069991601005,0.8105710240679566,0.8130011630042235,0.8240934435535924,0.8126409656670287,0.8178029671611935,0.8272622868753496,0.05290293569730841,0.11483394359863815,0.08496563242757114,0.19091539795721718,0.3060872358193615,0.17920472795015097,0.048009250337251876,0.023080876212500802,0.006306722042762652,0.028764805414551606,0.005845254576219043,0.05845254576219043,0.23457929549300108,0.23057991078295648,0.15274573142593448,0.28272573450238425,0.0,0.0,0.0,0.01637107776261937,0.03819918144611187,0.15688949522510232,0.16780354706684858,0.6207366984993179,101,12944,502,1283,775,2218,4064,2603,985,514,96,0,2,0,5,11,19,16,43,304,6466,6174,11,75,10,12640,85,0.02590095047523762,0.016760149572649572,0.025656921169459664,0.024382570394840333,0.027153088082267247,0.03160481537935111,0.0271797013678605,0.020523398758178105,0.015132334324491419,0.000192096048024012,0.0,3.999520057593089e-05,0.0,6.121074860745546e-05,8.554452981615703e-05,0.0001983919807873029,0.00033337500520898446,0.0012659345835664027,0.023485784919653894,0.49953646477132263,0.4769777503090235,0.11458333333333333,0.78125,0.10416666666666667,0.9765142150803461,0.8854166666666666,[0],1.9230769230769231,499742,29953,50006,31785,81685,128591,95768,47992,33959,85497,778350,41177,89381,66133,148599,238243,139484,37368,17965,6501,41,187,38,380,1525,1499,993,1838,733,359688,0,16377,25764,66410,105971,77825,39248,28093,0.17108227845568313,0.013008712495647754,0.0013688111374486696,0.003739551253849538,0.0011955324838760421,0.004652016894166616,0.011859305861218904,0.015652409990811127,0.020690948491415236,0.054124090815395036,0.001466756846532811,0.719747389653061,0.0,0.32750069991601005,0.8105710240679566,0.8130011630042235,0.8240934435535924,0.8126409656670287,0.8178029671611935,0.8272622868753496,0.05290293569730841,0.11483394359863815,0.08496563242757114,0.19091539795721718,0.3060872358193615,0.17920472795015097,0.048009250337251876,0.023080876212500802,101,12944,502,1283,775,2218,4064,2603,985,514,96,0,2,0,5,11,19,16,43,304,6466,6174,11,75,10,12640,85,0.02590095047523762,0.016760149572649572,0.025656921169459664,0.024382570394840333,0.027153088082267247,0.03160481537935111,0.0271797013678605,0.020523398758178105,0.015132334324491419,0.000192096048024012,0.0,3.999520057593089e-05,0.0,6.121074860745546e-05,8.554452981615703e-05,0.0001983919807873029,0.00033337500520898446,0.0012659345835664027,0.023485784919653894,0.49953646477132263,0.4769777503090235,0.11458333333333333,0.78125,0.10416666666666667,0.9765142150803461,0.8854166666666666,[0]
1.9615384615384617,499732,29953,50006,31785,81685,128594,95766,47989,33953,86998,789369,41623,90521,66742,150467,241683,141751,38163,18419,6577,41,188,38,382,1541,1515,1004,1868,746,0,0,0,12,28,117,127,462,362116,0,18010,25772,66422,106667,77894,39257,28094,0.17408931187116294,0.013161054325118264,0.0013688111374486696,0.0037595488541375035,0.0011955324838760421,0.0046765011936095975,0.011983451794018383,0.015819810788797694,0.020921461168184375,0.055017229699879246,0.0014928001408755092,0.0,0.0,0.0,0.00014690579665789313,0.00021773955238969158,0.0012217279619071487,0.002646439809122924,0.013607045032839514,0.7246203965325414,0.0,0.36015678118625766,0.8108227151171936,0.8131480688008814,0.8294866012411154,0.8133784432888499,0.818041634541249,0.8274379289017171,0.05272945859287608,0.11467513925679879,0.08455107813962798,0.19061680912222295,0.3061723984600358,0.17957507832205216,0.04834621070753982,0.02333382739884642,0.006233845218184582,0.028584461000456134,0.005777710202219857,0.05808119203284172,0.23430135320054737,0.2303481830621864,0.15265318534286149,0.28402006994070245,0.0,0.0,0.0,0.0160857908847185,0.03753351206434316,0.15683646112600536,0.17024128686327078,0.6193029490616622,102,11019,446,1140,609,1868,3440,2267,795,454,76,0,1,0,2,16,16,11,30,236,5741,5042,6,64,6,10783,70,0.02204937747877905,0.014889994324441625,0.022797264328280605,0.019159981123171306,0.022868335679745364,0.026751483385306904,0.02367179015955225,0.0165652608768128,0.01336906269324774,0.00015207847249180576,0.0,1.9997600287965445e-05,0.0,2.4484299442982188e-05,0.00012442550411770654,0.00016707042018210676,0.00022920486747791299,0.0008834182396419212,0.021417551501951175,0.5210091659860241,0.45757328251202467,0.07894736842105263,0.8421052631578947,0.07894736842105263,0.9785824484980489,0.9210526315789473,[0],1.9423076923076925,499732,29953,50006,31785,81685,128594,95766,47989,33953,86998,789369,41623,90521,66742,150467,241683,141751,38163,18419,6577,41,188,38,382,1541,1515,1004,1868,746,362116,0,18010,25772,66422,106667,77894,39257,28094,0.17408931187116294,0.013161054325118264,0.0013688111374486696,0.0037595488541375035,0.0011955324838760421,0.0046765011936095975,0.011983451794018383,0.015819810788797694,0.020921461168184375,0.055017229699879246,0.0014928001408755092,0.7246203965325414,0.0,0.36015678118625766,0.8108227151171936,0.8131480688008814,0.8294866012411154,0.8133784432888499,0.818041634541249,0.8274379289017171,0.05272945859287608,0.11467513925679879,0.08455107813962798,0.19061680912222295,0.3061723984600358,0.17957507832205216,0.04834621070753982,0.02333382739884642,102,11019,446,1140,609,1868,3440,2267,795,454,76,0,1,0,2,16,16,11,30,236,5741,5042,6,64,6,10783,70,0.02204937747877905,0.014889994324441625,0.022797264328280605,0.019159981123171306,0.022868335679745364,0.026751483385306904,0.02367179015955225,0.0165652608768128,0.01336906269324774,0.00015207847249180576,0.0,1.9997600287965445e-05,0.0,2.4484299442982188e-05,0.00012442550411770654,0.00016707042018210676,0.00022920486747791299,0.0008834182396419212,0.021417551501951175,0.5210091659860241,0.45757328251202467,0.07894736842105263,0.8421052631578947,0.07894736842105263,0.9785824484980489,0.9210526315789473,[0]
1.9807692307692308,499723,29953,50008,31785,81687,128594,95764,47988,33943,88697,798787,42006,91614,67302,152033,244516,143650,38871,18795,6639,42,188,38,386,1550,1530,1011,1894,759,0,0,0,12,28,119,128,472,364300,0,19615,25777,66428,107172,77952,39262,28094,0.1774923307512362,0.013285360089489577,0.0014021967749474175,0.0037593984962406013,0.0011955324838760421,0.004725354095510914,0.012053439507286498,0.01597677624159392,0.021067766941735434,0.055799428453583946,0.001518841438156739,0.0,0.0,0.0,0.00014690219986044292,0.00021773955238969158,0.0012426381521239715,0.002667333500041677,0.01390566538019621,0.7290038681429512,0.0,0.3922372420412734,0.8109800220229668,0.8132016110274585,0.8334136895967152,0.814001086003091,0.8181628740518463,0.8276817016763397,0.05258723539566868,0.11469140083651837,0.08425525202588424,0.1903298376162857,0.30610913798046285,0.17983517508422145,0.04866253456803879,0.023529426492919888,0.0063262539539087215,0.028317517698448563,0.005723753577345986,0.05814128633830396,0.23346889591805994,0.23045639403524626,0.15228197017623135,0.2852839283024552,0.0,0.0,0.0,0.015810276679841896,0.03689064558629776,0.15678524374176547,0.1686429512516469,0.621870882740448,103,9418,383,1093,560,1566,2833,1899,708,376,62,1,0,0,4,9,15,7,26,158,5192,4068,2,53,7,9260,60,0.01884610151040958,0.012786699162020498,0.02185737711474623,0.017618373446594306,0.01917120646385505,0.02203057685428558,0.019829584612492953,0.01475338098314197,0.011074131888198393,0.0001240664996438091,3.338563749874804e-05,0.0,0.0,4.8968598885964376e-05,6.998771326811515e-05,0.00015663178998809597,0.00014586676113275958,0.0007657644390775483,0.016776385644510512,0.5512847738373328,0.43193884051815673,0.03225806451612903,0.8548387096774194,0.11290322580645161,0.9832236143554894,0.967741935483871,[0],1.9615384615384617,499723,29953,50008,31785,81687,128594,95764,47988,33943,88697,798787,42006,91614,67302,152033,244516,143650,38871,18795,6639,42,188,38,386,1550,1530,1011,1894,759,364300,0,19615,25777,66428,107172,77952,39262,28094,0.1774923307512362,0.013285360089489577,0.0014021967749474175,0.0037593984962406013,0.0011955324838760421,0.004725354095510914,0.012053439507286498,0.01597677624159392,0.021067766941735434,0.055799428453583946,0.001518841438156739,0.7290038681429512,0.0,0.3922372420412734,0.8109800220229668,0.8132016110274585,0.8334136895967152,0.814001086003091,0.8181628740518463,0.8276817016763397,0.05258723539566868,0.11469140083651837,0.08425525202588424,0.1903298376162857,0.30610913798046285,0.17983517508422145,0.04866253456803879,0.023529426492919888,103,9418,383,1093,560,1566,2833,1899,708,376,62,1,0,0,4,9,15,7,26,158,5192,4068,2,53,7,9260,60,0.01884610151040958,0.012786699162020498,0.02185737711474623,0.017618373446594306,0.01917120646385505,0.02203057685428558,0.019829584612492953,0.01475338098314197,0.011074131888198393,0.0001240664996438091,3.338563749874804e-05,0.0,0.0,4.8968598885964376e-05,6.998771326811515e-05,0.00015663178998809597,0.00014586676113275958,0.0007657644390775483,0.016776385644510512,0.5512847738373328,0.43193884051815673,0.03225806451612903,0.8548387096774194,0.11290322580645161,0.9832236143554894,0.967741935483871,[0]
2.0,499718,29953,50008,31785,81687,128594,95765,47988,33938,90952,807183,42334,92652,67869,153415,246985,145332,39484,19112,6709,42,188,38,391,1558,1547,1019,1926,767,0,0,0,13,28,120,128,478,366389,0,21218,25783,66429,107604,77996,39265,28094,0.1820066517515879,0.013425572022620758,0.0014021967749474175,0.0037593984962406013,0.0011955324838760421,0.004786563345452765,0.012115650807969268,0.016154127290763848,0.02123447528548804,0.05675054511167423,0.0015348656642346283,0.0,0.0,0.0,0.00015914404984881315,0.00021773955238969158,0.0012530674045841382,0.002667333500041677,0.014084507042253521,0.7331915200172897,0.0,0.4242921132618781,0.8111687903098946,0.8132138528774469,0.8367730998335847,0.8144520440662038,0.8182253896807535,0.8278036419352938,0.05244659513394113,0.11478437975031684,0.08408130498288492,0.19006222876348983,0.30598389708405654,0.18004839051367533,0.04891579728512618,0.023677406486509255,0.006260247428826949,0.028022059919511105,0.005664033387986287,0.05827992249217469,0.23222536890743778,0.23058578029512594,0.1518855269041586,0.28707706066477867,0.0,0.0,0.0,0.01694915254237288,0.03650586701434159,0.15645371577574968,0.16688396349413298,0.6232073011734028,104,8396,328,1038,567,1382,2469,1682,613,317,70,0,0,0,5,8,17,8,32,105,4747,3544,7,57,6,8291,63,0.016801307924590222,0.010950489099589357,0.02075667893137098,0.017838603114676735,0.016918236683927675,0.01919996267321959,0.017564011528340504,0.012774026840043345,0.009339186282886014,0.0001400776029920576,0.0,0.0,0.0,6.120924994185121e-05,6.221130068276903e-05,0.0001775197360177102,0.0001667083437526048,0.0009427569749285567,0.012505955216769891,0.5653882801333968,0.42210576464983324,0.1,0.8142857142857143,0.08571428571428572,0.9874940447832301,0.9,[0],1.9807692307692308,499718,29953,50008,31785,81687,128594,95765,47988,33938,90952,807183,42334,92652,67869,153415,246985,145332,39484,19112,6709,42,188,38,391,1558,1547,1019,1926,767,366389,0,21218,25783,66429,107604,77996,39265,28094,0.1820066517515879,0.013425572022620758,0.0014021967749474175,0.0037593984962406013,0.0011955324838760421,0.004786563345452765,0.012115650807969268,0.016154127290763848,0.02123447528548804,0.05675054511167423,0.0015348656642346283,0.7331915200172897,0.0,0.4242921132618781,0.8111687903098946,0.8132138528774469,0.8367730998335847,0.8144520440662038,0.8182253896807535,0.8278036419352938,0.05244659513394113,0.11478437975031684,0.08408130498288492,0.19006222876348983,0.30598389708405654,0.18004839051367533,0.04891579728512618,0.023677406486509255,104,8396,328,1038,567,1382,2469,1682,613,317,70,0,0,0,5,8,17,8,32,105,4747,3544,7,57,6,8291,63,0.016801307924590222,0.010950489099589357,0.02075667893137098,0.017838603114676735,0.016918236683927675,0.01919996267321959,0.017564011528340504,0.012774026840043345,0.009339186282886014,0.0001400776029920576,0.0,0.0,0.0,6.120924994185121e-05,6.221130068276903e-05,0.0001775197360177102,0.0001667083437526048,0.0009427569749285567,0.012505955216769891,0.5653882801333968,0.42210576464983324,0.1,0.8142857142857143,0.08571428571428572,0.9874940447832301,0.9,[0]
2.0192307692307696,499711,29953,50008,31785,81686,128594,95765,47986,33933,93326,814789,42602,93664,68321,154718,249186,146793,40105,19400,6773,42,188,38,393,1565,1558,1030,1959,779,0,0,0,14,28,121,131,485,368323,0,22784,25788,66430,107933,78021,39273,28094,0.18675994724951023,0.013553834116119117,0.0014021967749474175,0.0037593984962406013,0.0011955324838760421,0.004811105942266729,0.012170085696066691,0.016268991802850727,0.021464593839869962,0.05773141189992043,0.0015589010448038966,0.0,0.0,0.0,0.000171387997943344,0.00021773955238969158,0.0012635096329556728,0.0027299629058475387,0.014292871246279433,0.7370720276319713,0.0,0.45560710286354184,0.8113260972156677,0.8132360502411674,0.8393315395741636,0.8147130997754921,0.8184262076438962,0.8279256181298441,0.052285929240576394,0.11495491470797961,0.08385115655709638,0.18988719778985724,0.30582887103286865,0.1801607532747742,0.049221332148568525,0.023809845248279,0.006201092573453418,0.02775727151926768,0.005610512328362616,0.05802450908017127,0.23106452089177618,0.23003100546286726,0.15207441311088143,0.28923667503322015,0.0,0.0,0.0,0.01797175866495507,0.03594351732991014,0.15532734274711169,0.1681643132220796,0.6225930680359435,105,7606,268,1012,452,1303,2201,1461,621,288,64,0,0,0,2,7,11,11,33,64,4445,3097,3,54,7,7542,61,0.015220584409607019,0.008947350849664474,0.02023676211806111,0.014220544281893975,0.015951130534846425,0.01711588410034683,0.015256095650811883,0.012940735183795949,0.008486062820437268,0.00012807223273926494,0.0,0.0,0.0,2.4483699976740486e-05,5.4434888097422894e-05,0.00011486451208687935,0.00022922397265983164,0.0009723613648417703,0.008414409676571128,0.5844070470681041,0.40717854325532477,0.046875,0.84375,0.109375,0.9915855903234289,0.953125,[0],2.0,499711,29953,50008,31785,81686,128594,95765,47986,33933,93326,814789,42602,93664,68321,154718,249186,146793,40105,19400,6773,42,188,38,393,1565,1558,1030,1959,779,368323,0,22784,25788,66430,107933,78021,39273,28094,0.18675994724951023,0.013553834116119117,0.0014021967749474175,0.0037593984962406013,0.0011955324838760421,0.004811105942266729,0.012170085696066691,0.016268991802850727,0.021464593839869962,0.05773141189992043,0.0015589010448038966,0.7370720276319713,0.0,0.45560710286354184,0.8113260972156677,0.8132360502411674,0.8393315395741636,0.8147130997754921,0.8184262076438962,0.8279256181298441,0.052285929240576394,0.11495491470797961,0.08385115655709638,0.18988719778985724,0.30582887103286865,0.1801607532747742,0.049221332148568525,0.023809845248279,105,7606,268,1012,452,1303,2201,1461,621,288,64,0,0,0,2,7,11,11,33,64,4445,3097,3,54,7,7542,61,0.015220584409607019,0.008947350849664474,0.02023676211806111,0.014220544281893975,0.015951130534846425,0.01711588410034683,0.015256095650811883,0.012940735183795949,0.008486062820437268,0.00012807223273926494,0.0,0.0,0.0,2.4483699976740486e-05,5.4434888097422894e-05,0.00011486451208687935,0.00022922397265983164,0.0009723613648417703,0.008414409676571128,0.5844070470681041,0.40717854325532477,0.046875,0.84375,0.109375,0.9915855903234289,0.953125,[0]
2.0384615384615388,499705,29954,50010,31786,81686,128597,95765,47982,33924,95676,821994,42901,94643,68745,155834,251349,148164,40644,19714,6830,42,189,39,393,1567,1562,1045,1993,793,0,0,0,14,28,121,135,495,370115,0,24289,25791,66430,108193,78045,39273,28094,0.19146496432895407,0.013668064157853134,0.0014021499632770249,0.003779244151169766,0.0012269552633234757,0.004811105942266729,0.012185354246211031,0.016310760716336865,0.02177900045850527,0.058748968282042215,0.0015869362924125234,0.0,0.0,0.0,0.000171387997943344,0.00021773447281040771,0.0012635096329556728,0.0028135550831561835,0.014591439688715954,0.7406669935261805,0.0,0.48568286342731454,0.8113949537532247,0.8132360502411674,0.8413337791705872,0.8149637132564089,0.8184944354132799,0.8281452658884566,0.05219137852587732,0.11513831001199522,0.083631997313849,0.1895804592247632,0.30577960423068784,0.18024949087219616,0.04944561639136052,0.023983143429270774,0.006149341142020498,0.02767203513909224,0.0057101024890190335,0.0575402635431918,0.2294289897510981,0.22869692532942898,0.15300146412884333,0.291800878477306,0.0,0.0,0.0,0.017654476670870115,0.03530895334174023,0.15258511979823455,0.17023959646910466,0.6242118537200504,106,7205,299,979,424,1116,2163,1371,539,314,57,0,1,1,0,2,4,15,34,45,4298,2862,0,50,7,7160,57,0.014418333796934628,0.009982305612125663,0.019576867701167813,0.01333962560956426,0.013662071836055138,0.016820380422103674,0.014316295097373779,0.011232442795815447,0.009253529013055138,0.0001140659301076022,0.0,1.9996800511918092e-05,3.1461381154632686e-05,0.0,1.5552825170692256e-05,4.176891348613794e-05,0.0003125911724252907,0.00100197447912062,0.006245662734212352,0.5965301873698821,0.3972241498959056,0.0,0.8771929824561403,0.12280701754385964,0.9937543372657877,1.0,[0],2.0192307692307696,499705,29954,50010,31786,81686,128597,95765,47982,33924,95676,821994,42901,94643,68745,155834,251349,148164,40644,19714,6830,42,189,39,393,1567,1562,1045,1993,793,370115,0,24289,25791,66430,108193,78045,39273,28094,0.19146496432895407,0.013668064157853134,0.0014021499632770249,0.003779244151169766,0.0012269552633234757,0.004811105942266729,0.012185354246211031,0.016310760716336865,0.02177900045850527,0.058748968282042215,0.0015869362924125234,0.7406669935261805,0.0,0.48568286342731454,0.8113949537532247,0.8132360502411674,0.8413337791705872,0.8149637132564089,0.8184944354132799,0.8281452658884566,0.05219137852587732,0.11513831001199522,0.083631997313849,0.1895804592247632,0.30577960423068784,0.18024949087219616,0.04944561639136052,0.023983143429270774,106,7205,299,979,424,1116,2163,1371,539,314,57,0,1,1,0,2,4,15,34,45,4298,2862,0,50,7,7160,57,0.014418333796934628,0.009982305612125663,0.019576867701167813,0.01333962560956426,0.013662071836055138,0.016820380422103674,0.014316295097373779,0.011232442795815447,0.009253529013055138,0.0001140659301076022,0.0,1.9996800511918092e-05,3.1461381154632686e-05,0.0,1.5552825170692256e-05,4.176891348613794e-05,0.0003125911724252907,0.00100197447912062,0.006245662734212352,0.5965301873698821,0.3972241498959056,0.0,0.8771929824561403,0.12280701754385964,0.9937543372657877,1.0,[0]
2.057692307692308,499706,29954,50011,31786,81687,128602,95764,47981,33919,98144,828737,43162,95605,69123,156895,253338,149463,41146,20005,6880,43,191,40,395,1575,1570,1050,2016,800,0,0,0,14,28,122,136,500,371871,0,25830,25795,66430,108391,78058,39273,28094,0.1964034852493266,0.013768095640236459,0.001435534486212192,0.0038191597848473337,0.0012584156546907442,0.004835530745406246,0.012247087914651405,0.01639446973810618,0.021883662282987017,0.05943571449630001,0.0016009413535158672,0.0,0.0,0.0,0.0001713858998371834,0.00021772600737158054,0.0012739651643623908,0.002834455305224985,0.014741000619122027,0.7441795775916239,0.0,0.5164863729979404,0.8115207953186938,0.8132260947274352,0.8428407023218923,0.8151079737688485,0.8185114941330943,0.8282673427872284,0.05208166161279151,0.11536229225918476,0.08340764319681636,0.18931820348313155,0.3056916729915522,0.18035034033716366,0.04964904426856771,0.02413914185079223,0.00625,0.027761627906976744,0.005813953488372093,0.057412790697674417,0.22892441860465115,0.22819767441860464,0.15261627906976744,0.2930232558139535,0.0,0.0,0.0,0.0175,0.035,0.1525,0.17,0.625,107,6743,261,962,378,1061,1989,1299,502,291,50,1,2,1,2,8,8,5,23,34,4107,2602,0,43,7,6709,50,0.013493961437247976,0.008713360486078655,0.01923615276944611,0.011892027936827533,0.012988761844134857,0.015466923800710748,0.013564454654623297,0.010462256679588179,0.008577997877608773,0.00010005903483055002,3.338452293516726e-05,3.9992001599680064e-05,3.146039136726861e-05,2.4483999706192004e-05,6.22098493744022e-05,8.353782697227588e-05,0.00010420574382059939,0.0006779860865463979,0.005042266053685304,0.6090760788966335,0.38588165504968114,0.0,0.86,0.14,0.9949577339463147,1.0,[0],2.0384615384615388,499706,29954,50011,31786,81687,128602,95764,47981,33919,98144,828737,43162,95605,69123,156895,253338,149463,41146,20005,6880,43,191,40,395,1575,1570,1050,2016,800,371871,0,25830,25795,66430,108391,78058,39273,28094,0.1964034852493266,0.013768095640236459,0.001435534486212192,0.0038191597848473337,0.0012584156546907442,0.004835530745406246,0.012247087914651405,0.01639446973810618,0.021883662282987017,0.05943571449630001,0.0016009413535158672,0.7441795775916239,0.0,0.5164863729979404,0.8115207953186938,0.8132260947274352,0.8428407023218923,0.8151079737688485,0.8185114941330943,0.8282673427872284,0.05208166161279151,0.11536229225918476,0.08340764319681636,0.18931820348313155,0.3056916729915522,0.18035034033716366,0.04964904426856771,0.02413914185079223,107,6743,261,962,378,1061,1989,1299,502,291,50,1,2,1,2,8,8,5,23,34,4107,2602,0,43,7,6709,50,0.013493961437247976,0.008713360486078655,0.01923615276944611,0.011892027936827533,0.012988761844134857,0.015466923800710748,0.013564454654623297,0.010462256679588179,0.008577997877608773,0.00010005903483055002,3.338452293516726e-05,3.9992001599680064e-05,3.146039136726861e-05,2.4483999706192004e-05,6.22098493744022e-05,8.353782697227588e-05,0.00010420574382059939,0.0006779860865463979,0.005042266053685304,0.6090760788966335,0.38588165504968114,0.0,0.86,0.14,0.9949577339463147,1.0,[0]
2.076923076923077,499710,29955,50011,31787,81687,128603,95768,47982,33917,100426,835245,43420,96534,69525,157877,255290,150700,41636,20263,6923,43,193,40,398,1582,1577,1060,2030,802,0,0,0,14,28,122,136,502,373580,0,27400,25796,66433,108514,78068,39275,28094,0.20096856176582417,0.013854035340497488,0.0014354865631781004,0.0038591509867829075,0.0012583760656872307,0.004872256295371357,0.012301423761498566,0.016466878289198898,0.02209161768996707,0.05985199162661792,0.0016049308598987413,0.0,0.0,0.0,0.0001713858998371834,0.00021772431436280646,0.001273911953888564,0.0028343962319203036,0.014800837338207978,0.7475936042904885,0.0,0.5478794665173662,0.8115267247616951,0.8132628202774003,0.8437905803130564,0.8151783476735444,0.8185361177108083,0.8283161836247309,0.051984746990404014,0.11557566941436345,0.08323904962017133,0.18901879089368986,0.3056468461349664,0.18042610252081726,0.049848846745565674,0.02425994768002203,0.006211180124223602,0.027878087534305936,0.005777841976021956,0.05748952766141846,0.22851365015166836,0.22779141990466562,0.15311281236458182,0.29322548028311424,0.0,0.0,0.0,0.017456359102244388,0.034912718204488775,0.15211970074812967,0.16957605985037408,0.6259351620947631,108,6508,258,929,402,982,1952,1237,490,258,43,0,2,0,3,7,7,10,14,23,4256,2229,0,38,5,6485,43,0.013023657910851581,0.008613206917273152,0.018575913299074202,0.01264707732964198,0.012021496688579578,0.015178613085333043,0.012917171379641618,0.010212375732060608,0.007606356319466966,8.605059775147786e-05,0.0,3.9991201935574176e-05,0.0,3.672554996511073e-05,5.4431501842895135e-05,7.309636188964537e-05,0.000208415831266543,0.00041274801733541674,0.0035341118623232943,0.6539643515673018,0.3425015365703749,0.0,0.8837209302325582,0.11627906976744186,0.9964658881376767,1.0,[0],2.057692307692308,499710,29955,50011,31787,81687,128603,95768,47982,33917,100426,835245,43420,96534,69525,157877,255290,150700,41636,20263,6923,43,193,40,398,1582,1577,1060,2030,802,373580,0,27400,25796,66433,108514,78068,39275,28094,0.20096856176582417,0.013854035340497488,0.0014354865631781004,0.0038591509867829075,0.0012583760656872307,0.004872256295371357,0.012301423761498566,0.016466878289198898,0.02209161768996707,0.05985199162661792,0.0016049308598987413,0.7475936042904885,0.0,0.5478794665173662,0.8115267247616951,0.8132628202774003,0.8437905803130564,0.8151783476735444,0.8185361177108083,0.8283161836247309,0.051984746990404014,0.11557566941436345,0.08323904962017133,0.18901879089368986,0.3056468461349664,0.18042610252081726,0.049848846745565674,0.02425994768002203,108,6508,258,929,402,982,1952,1237,490,258,43,0,2,0,3,7,7,10,14,23,4256,2229,0,38,5,6485,43,0.013023657910851581,0.008613206917273152,0.018575913299074202,0.01264707732964198,0.012021496688579578,0.015178613085333043,0.012917171379641618,0.010212375732060608,0.007606356319466966,8.605059775147786e-05,0.0,3.9991201935574176e-05,0.0,3.672554996511073e-05,5.4431501842895135e-05,7.309636188964537e-05,0.000208415831266543,0.00041274801733541674,0.0035341118623232943,0.6539643515673018,0.3425015365703749,0.0,0.8837209302325582,0.11627906976744186,0.9964658881376767,1.0,[0]
2.0961538461538463,499709,29955,50012,31787,81689,128603,95770,47981,33912,102610,841726,43654,97535,69921,158896,257170,151950,42095,20505,6974,43,195,40,399,1593,1587,1064,2053,808,0,0,0,14,28,122,137,507,375093,0,28814,25798,66433,108599,78080,39275,28094,0.20533950759341937,0.013956122463273626,0.0014354865631781004,0.0038990642245860995,0.0012583760656872307,0.004884378557700547,0.012386958313569668,0.016570951237339458,0.022175444446760176,0.060539042226940315,0.0016169410596967434,0.0,0.0,0.0,0.00017138170377896657,0.00021772431436280646,0.0012738853503184713,0.002855296888351639,0.014950460014154282,0.7506228625059784,0.0,0.5761417259857634,0.8115896435649794,0.8132429090820061,0.8444515291245149,0.8152866242038217,0.8185531772993476,0.8284383109223874,0.051862482565585476,0.11587499970299124,0.08306859952050905,0.18877401909885164,0.30552697671213674,0.18052192756312624,0.05001033590503323,0.024360658931766394,0.0061657585316891314,0.027960997992543733,0.005735589331803843,0.057212503584743335,0.22841984513908803,0.22755950673931746,0.15256667622598222,0.2943791224548322,0.0,0.0,0.0,0.017326732673267328,0.034653465346534656,0.15099009900990099,0.16955445544554457,0.6274752475247525,109,6481,234,1001,396,1019,1880,1250,459,242,51,0,2,0,1,11,10,4,23,26,4223,2232,0,42,9,6455,51,0.01296952232294731,0.0078117175763645465,0.020015596568754873,0.012457923050303583,0.012474445138149277,0.014618632535788434,0.01305237657672709,0.009566087282731024,0.007135065011646077,0.00010205919433271297,0.0,3.9991201935574176e-05,0.0,1.2241849988370243e-05,8.553455207110254e-05,0.00010441901261381672,8.336459505647951e-05,0.0006781260135035528,0.004011726585403487,0.6515969757753433,0.3443912976392532,0.0,0.8235294117647058,0.17647058823529413,0.9959882734145965,1.0,[0],2.076923076923077,499709,29955,50012,31787,81689,128603,95770,47981,33912,102610,841726,43654,97535,69921,158896,257170,151950,42095,20505,6974,43,195,40,399,1593,1587,1064,2053,808,375093,0,28814,25798,66433,108599,78080,39275,28094,0.20533950759341937,0.013956122463273626,0.0014354865631781004,0.0038990642245860995,0.0012583760656872307,0.004884378557700547,0.012386958313569668,0.016570951237339458,0.022175444446760176,0.060539042226940315,0.0016169410596967434,0.7506228625059784,0.0,0.5761417259857634,0.8115896435649794,0.8132429090820061,0.8444515291245149,0.8152866242038217,0.8185531772993476,0.8284383109223874,0.051862482565585476,0.11587499970299124,0.08306859952050905,0.18877401909885164,0.30552697671213674,0.18052192756312624,0.05001033590503323,0.024360658931766394,109,6481,234,1001,396,1019,1880,1250,459,242,51,0,2,0,1,11,10,4,23,26,4223,2232,0,42,9,6455,51,0.01296952232294731,0.0078117175763645465,0.020015596568754873,0.012457923050303583,0.012474445138149277,0.014618632535788434,0.01305237657672709,0.009566087282731024,0.007135065011646077,0.00010205919433271297,0.0,3.9991201935574176e-05,0.0,1.2241849988370243e-05,8.553455207110254e-05,0.00010441901261381672,8.336459505647951e-05,0.0006781260135035528,0.004011726585403487,0.6515969757753433,0.3443912976392532,0.0,0.8235294117647058,0.17647058823529413,0.9959882734145965,1.0,[0]
2.1153846153846154,499704,29955,50014,31787,81688,128604,95769,47981,33906,104469,848242,43907,98544,70323,159930,259050,153155,42576,20757,7028,43,197,40,401,1607,1595,1069,2076,819,0,0,0,15,28,124,139,513,376642,0,30264,25801,66434,108683,78091,39275,28094,0.20906176456462225,0.014064326081039975,0.0014354865631781004,0.003938897108809534,0.0012583760656872307,0.004908921751052786,0.012495723305651458,0.016654658605603067,0.02227965236239345,0.061228101221022825,0.001638970270400077,0.0,0.0,0.0,0.0001836255019097052,0.00021772262138036142,0.0012947822364230597,0.0028969800546049477,0.015130065475137143,0.7537302082833037,0.0,0.6051105690406686,0.811684021769906,0.8132651062579571,0.8450981306957793,0.8154099969718802,0.8185531772993476,0.8285849112251519,0.05176235083855787,0.11617439362823345,0.0829044069970598,0.18854289224065773,0.30539633736598754,0.18055578478783177,0.05019322316037168,0.02447061098130015,0.0061183836084234495,0.02803073420603301,0.005691519635742743,0.057057484348321,0.22865680136596472,0.2269493454752419,0.15210586226522482,0.2953898690950484,0.0,0.0,0.0,0.018315018315018316,0.03418803418803419,0.1514041514041514,0.16971916971916973,0.6263736263736264,110,6516,253,1009,402,1034,1880,1205,481,252,54,0,2,0,2,14,8,5,23,16,4277,2223,0,44,10,6500,54,0.013039589040821758,0.008446002336838591,0.0201751579620891,0.012646679460156667,0.012657762979103674,0.014618632535788434,0.012582228255194738,0.01002480148392072,0.0074309978768577496,0.00010806289260349524,0.0,3.999040230344717e-05,0.0,2.4483100539852366e-05,0.00010886215718140323,8.353346559465386e-05,0.0001042079156332715,0.0006782259966973343,0.0024554941682013503,0.6563842848373235,0.3411602209944751,0.0,0.8148148148148148,0.18518518518518517,0.9975445058317987,1.0,[0],2.0961538461538463,499704,29955,50014,31787,81688,128604,95769,47981,33906,104469,848242,43907,98544,70323,159930,259050,153155,42576,20757,7028,43,197,40,401,1607,1595,1069,2076,819,376642,0,30264,25801,66434,108683,78091,39275,28094,0.20906176456462225,0.014064326081039975,0.0014354865631781004,0.003938897108809534,0.0012583760656872307,0.004908921751052786,0.012495723305651458,0.016654658605603067,0.02227965236239345,0.061228101221022825,0.001638970270400077,0.7537302082833037,0.0,0.6051105690406686,0.811684021769906,0.8132651062579571,0.8450981306957793,0.8154099969718802,0.8185531772993476,0.8285849112251519,0.05176235083855787,0.11617439362823345,0.0829044069970598,0.18854289224065773,0.30539633736598754,0.18055578478783177,0.05019322316037168,0.02447061098130015,110,6516,253,1009,402,1034,1880,1205,481,252,54,0,2,0,2,14,8,5,23,16,4277,2223,0,44,10,6500,54,0.013039589040821758,0.008446002336838591,0.0201751579620891,0.012646679460156667,0.012657762979103674,0.014618632535788434,0.012582228255194738,0.01002480148392072,0.0074309978768577496,0.00010806289260349524,0.0,3.999040230344717e-05,0.0,2.4483100539852366e-05,0.00010886215718140323,8.353346559465386e-05,0.0001042079156332715,0.0006782259966973343,0.0024554941682013503,0.6563842848373235,0.3411602209944751,0.0,0.8148148148148148,0.18518518518518517,0.9975445058317987,1.0,[0]
2.1346153846153846,499704,29955,50014,31787,81690,128605,95769,47982,33899,105986,855168,44158,99695,70712,160981,261089,154429,43065,21039,7090,43,198,40,403,1622,1608,1078,2098,828,0,0,0,15,28,125,139,521,378110,0,31653,25801,66435,108756,78096,39275,28094,0.2120975617565599,0.014188399532523254,0.0014354865631781004,0.003958891510377095,0.0012583760656872307,0.0049332843677316685,0.012612262353718751,0.0167904019045829,0.02246675836772123,0.06188973126050916,0.0016569809327121657,0.0,0.0,0.0,0.0001836210062431142,0.0002177209284242448,0.0013052240286522778,0.002896919678212663,0.0153691849317089,0.7566679474248755,0.0,0.632882792818011,0.811684021769906,0.8132574366507529,0.8456591889895416,0.8154622059330263,0.8185361177108083,0.8287560105017847,0.051636637479419246,0.11657943234545727,0.08268784613081874,0.18824488287681485,0.30530726126328395,0.1805832304295764,0.05035852604400539,0.024602183430624158,0.006064880112834979,0.027926657263751764,0.005641748942172073,0.05684062059238364,0.22877291960507756,0.22679830747531735,0.15204513399153738,0.2959097320169252,0.0,0.0,0.0,0.018115942028985508,0.033816425120772944,0.15096618357487923,0.1678743961352657,0.6292270531400966,111,6926,251,1151,389,1051,2039,1274,489,282,62,0,1,0,2,15,13,9,22,16,4588,2322,0,59,3,6910,62,0.013860205241502969,0.008379235519946586,0.023013556204262806,0.012237707238808317,0.012866026833806679,0.015854872321234177,0.013302843300024016,0.010191534148933952,0.008317112015572465,0.0001240734514832781,0.0,1.9994401567561083e-05,0.0,2.4483400254627364e-05,0.00011663711859662219,0.0001357432989798369,0.0001875742481398887,0.0006488527104347313,0.002310135720473578,0.6624314178457984,0.335258446433728,0.0,0.9516129032258065,0.04838709677419355,0.9976898642795264,1.0,[0],2.1153846153846154,499704,29955,50014,31787,81690,128605,95769,47982,33899,105986,855168,44158,99695,70712,160981,261089,154429,43065,21039,7090,43,198,40,403,1622,1608,1078,2098,828,378110,0,31653,25801,66435,108756,78096,39275,28094,0.2120975617565599,0.014188399532523254,0.0014354865631781004,0.003958891510377095,0.0012583760656872307,0.0049332843677316685,0.012612262353718751,0.0167904019045829,0.02246675836772123,0.06188973126050916,0.0016569809327121657,0.7566679474248755,0.0,0.632882792818011,0.811684021769906,0.8132574366507529,0.8456591889895416,0.8154622059330263,0.8185361177108083,0.8287560105017847,0.051636637479419246,0.11657943234545727,0.08268784613081874,0.18824488287681485,0.30530726126328395,0.1805832304295764,0.05035852604400539,0.024602183430624158,111,6926,251,1151,389,1051,2039,1274,489,282,62,0,1,0,2,15,13,9,22,16,4588,2322,0,59,3,6910,62,0.013860205241502969,0.008379235519946586,0.023013556204262806,0.012237707238808317,0.012866026833806679,0.015854872321234177,0.013302843300024016,0.010191534148933952,0.008317112015572465,0.0001240734514832781,0.0,1.9994401567561083e-05,0.0,2.4483400254627364e-05,0.00011663711859662219,0.0001357432989798369,0.0001875742481398887,0.0006488527104347313,0.002310135720473578,0.6624314178457984,0.335258446433728,0.0,0.9516129032258065,0.04838709677419355,0.9976898642795264,1.0,[0]
2.153846153846154,499701,29955,50014,31788,81692,128605,95772,47982,33893,107208,862211,44446,100853,71153,162076,263094,155736,43544,21309,7140,44,198,41,404,1627,1617,1086,2123,838,0,0,0,15,30,125,139,529,379532,0,33028,25801,66435,108800,78098,39276,28094,0.21454429748989895,0.014288544549640686,0.0014688699716241028,0.003958891510377095,0.0012897948911538945,0.004945404690789796,0.012651141090937366,0.016883849141711565,0.02263348755783419,0.06263830289440298,0.0016770028477029264,0.0,0.0,0.0,0.00018361651079665082,0.00023327242331169085,0.0013051831432986678,0.002896919678212663,0.015607942643023634,0.7595181918787435,0.0,0.6603750949734074,0.811658487479552,0.8132375263183665,0.8460013218770654,0.8154575450027148,0.8185569588595724,0.8289027232761927,0.051548866808704595,0.1169702079885318,0.08252388336497679,0.1879771888783604,0.30513876533702305,0.18062400038969578,0.05050271917198922,0.024714368060718316,0.0061624649859943975,0.02773109243697479,0.005742296918767507,0.05658263305322129,0.22787114845938375,0.22647058823529412,0.15210084033613444,0.2973389355742297,0.0,0.0,0.0,0.017899761336515514,0.03579952267303103,0.14916467780429593,0.1658711217183771,0.6312649164677804,112,7043,288,1158,441,1095,2005,1307,479,270,50,1,0,1,1,5,9,8,25,11,4827,2205,0,47,3,7032,50,0.014094343851560123,0.009614421632448673,0.023153517015235735,0.013873596124201719,0.013404333455747338,0.01559037362466467,0.013647422443588218,0.009982910258013422,0.007964836720847223,0.00010005923506715976,3.338340844600234e-05,0.0,3.145940164218077e-05,1.2241400416207614e-05,3.887873721861514e-05,9.3976130062964e-05,0.00016672919011295902,0.000737484881559928,0.001561834445548772,0.6853613516967202,0.31307681385773106,0.0,0.94,0.06,0.9984381655544512,1.0,[0],2.1346153846153846,499701,29955,50014,31788,81692,128605,95772,47982,33893,107208,862211,44446,100853,71153,162076,263094,155736,43544,21309,7140,44,198,41,404,1627,1617,1086,2123,838,379532,0,33028,25801,66435,108800,78098,39276,28094,0.21454429748989895,0.014288544549640686,0.0014688699716241028,0.003958891510377095,0.0012897948911538945,0.004945404690789796,0.012651141090937366,0.016883849141711565,0.02263348755783419,0.06263830289440298,0.0016770028477029264,0.7595181918787435,0.0,0.6603750949734074,0.811658487479552,0.8132375263183665,0.8460013218770654,0.8154575450027148,0.8185569588595724,0.8289027232761927,0.051548866808704595,0.1169702079885318,0.08252388336497679,0.1879771888783604,0.30513876533702305,0.18062400038969578,0.05050271917198922,0.024714368060718316,112,7043,288,1158,441,1095,2005,1307,479,270,50,1,0,1,1,5,9,8,25,11,4827,2205,0,47,3,7032,50,0.014094343851560123,0.009614421632448673,0.023153517015235735,0.013873596124201719,0.013404333455747338,0.01559037362466467,0.013647422443588218,0.009982910258013422,0.007964836720847223,0.00010005923506715976,3.338340844600234e-05,0.0,3.145940164218077e-05,1.2241400416207614e-05,3.887873721861514e-05,9.3976130062964e-05,0.00016672919011295902,0.000737484881559928,0.001561834445548772,0.6853613516967202,0.31307681385773106,0.0,0.94,0.06,0.9984381655544512,1.0,[0]
2.1730769230769234,499699,29955,50015,31788,81692,128605,95775,47980,33887,107780,869556,44760,102122,71597,163173,265163,157130,44025,21586,7183,44,200,41,406,1634,1625,1095,2138,846,0,0,0,15,30,125,141,535,380890,0,34354,25802,66435,108828,78100,39277,28094,0.2156898452868627,0.014374653541431942,0.0014688699716241028,0.003998800359892032,0.0012897948911538945,0.004969886892229349,0.012705571323043428,0.016966849386583136,0.022822009170487705,0.06309204119573877,0.0016930191975569292,0.0,0.0,0.0,0.00018361651079665082,0.00023327242331169085,0.0013051422605063951,0.0029387244685285534,0.01578776521970077,0.7622388677984147,0.0,0.6868739378186544,0.8116899458915314,0.8132375263183665,0.8462190428054897,0.8154528843643957,0.8186119216340142,0.8290494880042494,0.05147454563018368,0.11744154488037573,0.08233742277668143,0.18765093909995445,0.3049406823712331,0.18070141543500362,0.05062928667043871,0.024824163136129243,0.006125574272588055,0.027843519420854796,0.0057079214812752336,0.056522344424335236,0.22748155366838368,0.22622859529444522,0.15244326882918,0.2976472226089378,0.0,0.0,0.0,0.01773049645390071,0.03546099290780142,0.14775413711583923,0.16666666666666666,0.6323877068557919,113,7345,314,1269,444,1097,2069,1394,481,277,43,0,2,0,2,7,8,9,15,14,5165,2166,2,39,2,7331,41,0.014698789876346055,0.010482390252044733,0.025372895589235014,0.013967534918837296,0.013428487489595065,0.016088021461062946,0.014555402414066741,0.010024592555541662,0.008172779039919748,8.605145877234586e-05,0.0,3.9988803135122166e-05,0.0,2.4482201439553444e-05,5.44302321060612e-05,8.353172117111473e-05,0.0001875703388770789,0.000442569262089517,0.0019060585432266847,0.7031994554118448,0.2948944860449285,0.046511627906976744,0.9069767441860465,0.046511627906976744,0.9980939414567733,0.9534883720930233,[0],2.153846153846154,499699,29955,50015,31788,81692,128605,95775,47980,33887,107780,869556,44760,102122,71597,163173,265163,157130,44025,21586,7183,44,200,41,406,1634,1625,1095,2138,846,380890,0,34354,25802,66435,108828,78100,39277,28094,0.2156898452868627,0.014374653541431942,0.0014688699716241028,0.003998800359892032,0.0012897948911538945,0.004969886892229349,0.012705571323043428,0.016966849386583136,0.022822009170487705,0.06309204119573877,0.0016930191975569292,0.7622388677984147,0.0,0.6868739378186544,0.8116899458915314,0.8132375263183665,0.8462190428054897,0.8154528843643957,0.8186119216340142,0.8290494880042494,0.05147454563018368,0.11744154488037573,0.08233742277668143,0.18765093909995445,0.3049406823712331,0.18070141543500362,0.05062928667043871,0.024824163136129243,113,7345,314,1269,444,1097,2069,1394,481,277,43,0,2,0,2,7,8,9,15,14,5165,2166,2,39,2,7331,41,0.014698789876346055,0.010482390252044733,0.025372895589235014,0.013967534918837296,0.013428487489595065,0.016088021461062946,0.014555402414066741,0.010024592555541662,0.008172779039919748,8.605145877234586e-05,0.0,3.9988803135122166e-05,0.0,2.4482201439553444e-05,5.44302321060612e-05,8.353172117111473e-05,0.0001875703388770789,0.000442569262089517,0.0019060585432266847,0.7031994554118448,0.2948944860449285,0.046511627906976744,0.9069767441860465,0.046511627906976744,0.9980939414567733,0.9534883720930233,[0]
2.1923076923076925,499697,29955,50015,31788,81694,128605,95775,47979,33885,108099,877541,45091,103502,72114,164397,267442,158600,44536,21859,7242,44,202,42,409,1649,1636,1104,2156,852,0,0,0,15,30,127,142,538,382216,0,35652,25802,66436,108852,78102,39278,28094,0.21632909543183168,0.01449278262627152,0.0014688699716241028,0.004038788363490952,0.0013212533031332577,0.005006487624550151,0.012822207534699273,0.0170817019055077,0.02301006690427062,0.06362697358713294,0.0017050332501495906,0.0,0.0,0.0,0.00018361201557029892,0.00023327242331169085,0.0013260245366744975,0.002959628170657996,0.015877231813486794,0.7648955266891736,0.0,0.7128261521543537,0.8116899458915314,0.8132298577618919,0.846405660744139,0.8154737666405638,0.8186498259655266,0.8290984211302936,0.05138335416806736,0.11794548630776226,0.08217735695540151,0.18733825542054444,0.3047629683399408,0.18073229626877832,0.05075090508591621,0.024909377453589062,0.006075669704501519,0.027892847279756973,0.00579950289975145,0.05647611157138912,0.22769953051643194,0.22590444628555648,0.15244407622203812,0.2977078155205744,0.0,0.0,0.0,0.017605633802816902,0.035211267605633804,0.14906103286384975,0.16666666666666666,0.6314553990610329,114,7985,331,1380,517,1224,2279,1470,511,273,59,0,2,1,3,15,11,9,18,13,5670,2302,0,55,4,7972,59,0.015979619731078108,0.011049908195626774,0.027591722483255022,0.016263998993330815,0.014983107281006708,0.017720928424244782,0.015348472983555208,0.010650270946227594,0.008056186738277215,0.00011807107878943124,0.0,3.9988003598920326e-05,3.145841197936328e-05,3.672330215933017e-05,0.00011663621165584542,0.00011485251892456278,0.00018757815756565235,0.0005311771475787174,0.001628052598622417,0.7100814026299311,0.28829054477144644,0.0,0.9322033898305084,0.06779661016949153,0.9983719474013776,1.0,[0],2.1730769230769234,499697,29955,50015,31788,81694,128605,95775,47979,33885,108099,877541,45091,103502,72114,164397,267442,158600,44536,21859,7242,44,202,42,409,1649,1636,1104,2156,852,382216,0,35652,25802,66436,108852,78102,39278,28094,0.21632909543183168,0.01449278262627152,0.0014688699716241028,0.004038788363490952,0.0013212533031332577,0.005006487624550151,0.012822207534699273,0.0170817019055077,0.02301006690427062,0.06362697358713294,0.0017050332501495906,0.7648955266891736,0.0,0.7128261521543537,0.8116899458915314,0.8132298577618919,0.846405660744139,0.8154737666405638,0.8186498259655266,0.8290984211302936,0.05138335416806736,0.11794548630776226,0.08217735695540151,0.18733825542054444,0.3047629683399408,0.18073229626877832,0.05075090508591621,0.024909377453589062,114,7985,331,1380,517,1224,2279,1470,511,273,59,0,2,1,3,15,11,9,18,13,5670,2302,0,55,4,7972,59,0.015979619731078108,0.011049908195626774,0.027591722483255022,0.016263998993330815,0.014983107281006708,0.017720928424244782,0.015348472983555208,0.010650270946227594,0.008056186738277215,0.00011807107878943124,0.0,3.9988003598920326e-05,3.145841197936328e-05,3.672330215933017e-05,0.00011663621165584542,0.00011485251892456278,0.00018757815756565235,0.0005311771475787174,0.001628052598622417,0.7100814026299311,0.28829054477144644,0.0,0.9322033898305084,0.06779661016949153,0.9983719474013776,1.0,[0]
2.2115384615384617,499695,29955,50015,31788,81697,128605,95775,47977,33881,107690,885977,45474,104978,72623,165707,269730,160152,45134,22179,7305,44,205,42,410,1661,1648,1116,2179,859,0,0,0,15,31,127,144,542,383547,0,36958,25802,66437,108874,78104,39278,28094,0.215511461991815,0.014618917539699216,0.0014688699716241028,0.004098770368889333,0.0013212533031332577,0.005018544132587488,0.01291551650402395,0.017206995562516314,0.023261145965775266,0.06431333195596352,0.0017190486196579913,0.0,0.0,0.0,0.00018360527314344467,0.00024104817075541388,0.0013260245366744975,0.0030014381891322927,0.015997166553525576,0.7675622129498995,0.0,0.7389383185044487,0.8116899458915314,0.8132122354554023,0.8465767271879009,0.815494648916732,0.8186839527273485,0.8291963047135563,0.05132638883402165,0.11848840319782568,0.08196939649674878,0.1870330719646221,0.3044435690768496,0.1807631575086035,0.05094263169359927,0.025033381227729388,0.006023271731690623,0.02806297056810404,0.005749486652977412,0.05612594113620808,0.22737850787132102,0.22559890485968515,0.15277207392197126,0.29828884325804245,0.0,0.0,0.0,0.017462165308498253,0.03608847497089639,0.1478463329452852,0.16763678696158324,0.6309662398137369,115,8436,383,1476,509,1310,2288,1552,598,320,63,0,3,0,1,12,12,12,23,13,6097,2326,0,57,6,8423,63,0.01688223063176285,0.012785845434818895,0.029511146656003198,0.01601233169749591,0.016035449359806105,0.01779091015123829,0.016204646306447402,0.012463786239813252,0.009443706654862034,0.0001260764022997937,0.0,5.998200539838048e-05,0.0,1.2240801038019928e-05,9.330896932467633e-05,0.00012529365700861394,0.00025010942287250675,0.0006787664158182087,0.0015410146989094358,0.7227358937885253,0.2757230915125652,0.0,0.9047619047619048,0.09523809523809523,0.9984589853010906,1.0,[0],2.1923076923076925,499695,29955,50015,31788,81697,128605,95775,47977,33881,107690,885977,45474,104978,72623,165707,269730,160152,45134,22179,7305,44,205,42,410,1661,1648,1116,2179,859,383547,0,36958,25802,66437,108874,78104,39278,28094,0.215511461991815,0.014618917539699216,0.0014688699716241028,0.004098770368889333,0.0013212533031332577,0.005018544132587488,0.01291551650402395,0.017206995562516314,0.023261145965775266,0.06431333195596352,0.0017190486196579913,0.7675622129498995,0.0,0.7389383185044487,0.8116899458915314,0.8132122354554023,0.8465767271879009,0.815494648916732,0.8186839527273485,0.8291963047135563,0.05132638883402165,0.11848840319782568,0.08196939649674878,0.1870330719646221,0.3044435690768496,0.1807631575086035,0.05094263169359927,0.025033381227729388,115,8436,383,1476,509,1310,2288,1552,598,320,63,0,3,0,1,12,12,12,23,13,6097,2326,0,57,6,8423,63,0.01688223063176285,0.012785845434818895,0.029511146656003198,0.01601233169749591,0.016035449359806105,0.01779091015123829,0.016204646306447402,0.012463786239813252,0.009443706654862034,0.0001260764022997937,0.0,5.998200539838048e-05,0.0,1.2240801038019928e-05,9.330896932467633e-05,0.00012529365700861394,0.00025010942287250675,0.0006787664158182087,0.0015410146989094358,0.7227358937885253,0.2757230915125652,0.0,0.9047619047619048,0.09523809523809523,0.9984589853010906,1.0,[0]
2.230769230769231,499691,29956,50015,31788,81698,128606,95775,47978,33875,107029,894861,45872,106577,73145,167072,272174,161750,45753,22518,7360,44,206,43,412,1666,1659,1128,2202,867,0,0,0,15,31,128,145,548,384735,0,38129,25802,66437,108890,78105,39278,28094,0.21419036964844274,0.014729102585397776,0.0014688209373748165,0.0041187643706887935,0.0013527117151126212,0.00504296310803202,0.012954294511920128,0.017321848081440876,0.023510775772228938,0.06500369003690037,0.0017350722746657433,0.0,0.0,0.0,0.00018360302577786483,0.0002410462964402905,0.0013364656747585487,0.003022218516820209,0.016177121771217714,0.7699458265207898,0.0,0.7623512946116165,0.8116899458915314,0.8132022815736003,0.8466945554639752,0.815505090054816,0.8186668889907874,0.8293431734317344,0.05126159258253517,0.1190989438583199,0.08173895163606415,0.18670162181612562,0.3041522649886407,0.18075432944334371,0.0511286110356804,0.02516368463929035,0.005978260869565218,0.02798913043478261,0.005842391304347826,0.05597826086956522,0.22635869565217392,0.22540760869565218,0.1532608695652174,0.29918478260869563,0.0,0.0,0.0,0.01730103806228374,0.03575547866205306,0.14763552479815456,0.16724336793540945,0.6320645905420992,116,8884,398,1599,522,1365,2444,1598,619,339,55,0,1,1,2,5,11,12,23,9,6479,2396,0,54,1,8875,55,0.01777884509550826,0.01328659656150893,0.0319704088773368,0.01642129105322763,0.016708079856053465,0.01900392675245908,0.016684938658313758,0.012902015549117286,0.010005607862813966,0.00011006714095598315,0.0,1.9994001799460163e-05,3.145841197936328e-05,2.4480703085792626e-05,3.887873721861514e-05,0.00011485251892456278,0.00025011984909435774,0.0006788465511643694,0.0010130571814497974,0.7292886087348042,0.26969833408374605,0.0,0.9818181818181818,0.01818181818181818,0.9989869428185502,1.0,[0],2.2115384615384617,499691,29956,50015,31788,81698,128606,95775,47978,33875,107029,894861,45872,106577,73145,167072,272174,161750,45753,22518,7360,44,206,43,412,1666,1659,1128,2202,867,384735,0,38129,25802,66437,108890,78105,39278,28094,0.21419036964844274,0.014729102585397776,0.0014688209373748165,0.0041187643706887935,0.0013527117151126212,0.00504296310803202,0.012954294511920128,0.017321848081440876,0.023510775772228938,0.06500369003690037,0.0017350722746657433,0.7699458265207898,0.0,0.7623512946116165,0.8116899458915314,0.8132022815736003,0.8466945554639752,0.815505090054816,0.8186668889907874,0.8293431734317344,0.05126159258253517,0.1190989438583199,0.08173895163606415,0.18670162181612562,0.3041522649886407,0.18075432944334371,0.0511286110356804,0.02516368463929035,116,8884,398,1599,522,1365,2444,1598,619,339,55,0,1,1,2,5,11,12,23,9,6479,2396,0,54,1,8875,55,0.01777884509550826,0.01328659656150893,0.0319704088773368,0.01642129105322763,0.016708079856053465,0.01900392675245908,0.016684938658313758,0.012902015549117286,0.010005607862813966,0.00011006714095598315,0.0,1.9994001799460163e-05,3.145841197936328e-05,2.4480703085792626e-05,3.887873721861514e-05,0.00011485251892456278,0.00025011984909435774,0.0006788465511643694,0.0010130571814497974,0.7292886087348042,0.26969833408374605,0.0,0.9818181818181818,0.01818181818181818,0.9989869428185502,1.0,[0]
2.25,499691,29956,50016,31788,81701,128607,95774,47979,33870,105740,904229,46276,108224,73735,168443,274731,163487,46433,22900,7431,44,207,44,416,1684,1672,1144,2220,874,0,0,0,16,31,129,145,553,385938,0,39317,25802,66437,108905,78105,39278,28094,0.21161077545923382,0.014871190395664521,0.0014688209373748165,0.004138675623800384,0.0013841701270919844,0.005091736943244269,0.013094155061544084,0.017457765155470168,0.023843764980512307,0.06554472984942426,0.001749080932015986,0.0,0.0,0.0,0.00019583603627862573,0.00024104442215431508,0.0013469208762294568,0.0030221555263761227,0.016327133156185416,0.7723533143482673,0.0,0.7860884516954575,0.8116899458915314,0.8131724213901911,0.8468046062811511,0.8155136049449746,0.8186498259655266,0.8294656037791556,0.051177301325217396,0.11968649534575865,0.08154460872190562,0.18628356312394315,0.3038290079172422,0.1808026506559732,0.05135092990824227,0.025325443001717487,0.005921141165388238,0.027856277755349212,0.005921141165388238,0.05598169829094334,0.22661822096622258,0.22500336428475307,0.1539496703000942,0.2987484860718611,0.0,0.0,0.0,0.018306636155606407,0.03546910755148741,0.14759725400457666,0.16590389016018306,0.6327231121281465,117,9368,404,1647,590,1371,2557,1737,680,382,71,0,1,1,4,18,13,16,18,7,6949,2412,0,69,2,9361,71,0.018747586008153037,0.013486446788623313,0.03293012096371089,0.018560463067824336,0.016781316556096843,0.019882431612832995,0.01813625685199687,0.014173162699570637,0.011276752767527676,0.00014208781026674484,0.0,1.9994001799460163e-05,3.145841197936328e-05,4.896080687409729e-05,0.00013996236567500738,0.0001357347950926651,0.0003334861811663679,0.0005313653136531366,0.0007472245943637916,0.7417805294619982,0.25747224594363793,0.0,0.971830985915493,0.028169014084507043,0.9992527754056362,1.0,[0],2.230769230769231,499691,29956,50016,31788,81701,128607,95774,47979,33870,105740,904229,46276,108224,73735,168443,274731,163487,46433,22900,7431,44,207,44,416,1684,1672,1144,2220,874,385938,0,39317,25802,66437,108905,78105,39278,28094,0.21161077545923382,0.014871190395664521,0.0014688209373748165,0.004138675623800384,0.0013841701270919844,0.005091736943244269,0.013094155061544084,0.017457765155470168,0.023843764980512307,0.06554472984942426,0.001749080932015986,0.7723533143482673,0.0,0.7860884516954575,0.8116899458915314,0.8131724213901911,0.8468046062811511,0.8155136049449746,0.8186498259655266,0.8294656037791556,0.051177301325217396,0.11968649534575865,0.08154460872190562,0.18628356312394315,0.3038290079172422,0.1808026506559732,0.05135092990824227,0.025325443001717487,117,9368,404,1647,590,1371,2557,1737,680,382,71,0,1,1,4,18,13,16,18,7,6949,2412,0,69,2,9361,71,0.018747586008153037,0.013486446788623313,0.03293012096371089,0.018560463067824336,0.016781316556096843,0.019882431612832995,0.01813625685199687,0.014173162699570637,0.011276752767527676,0.00014208781026674484,0.0,1.9994001799460163e-05,3.145841197936328e-05,4.896080687409729e-05,0.00013996236567500738,0.0001357347950926651,0.0003334861811663679,0.0005313653136531366,0.0007472245943637916,0.7417805294619982,0.25747224594363793,0.0,0.971830985915493,0.028169014084507043,0.9992527754056362,1.0,[0]
2.2692307692307696,499683,29956,50018,31788,81700,128609,95773,47976,33862,104493,913982,46695,110020,74311,169961,277323,165224,47167,23281,7510,44,208,44,420,1695,1681,1163,2255,887,0,0,0,17,31,130,148,561,387023,0,40392,25802,66437,108915,78105,39278,28094,0.20911858118046842,0.015029528721209247,0.0014688209373748165,0.004158502938941981,0.0013841701270919844,0.005140758873929009,0.013179481995816778,0.017551919643323276,0.024241287310321828,0.06659382198334417,0.0017751254295223172,0.0,0.0,0.0,0.000208078335373317,0.0002410406736698054,0.001357376296033329,0.003084875771218943,0.016567243517807573,0.7745370564938171,0.0,0.807549282258387,0.8116899458915314,0.8131823745410037,0.8468691926692533,0.8155221200129473,0.8187010171752543,0.8296615675388341,0.05108962758566361,0.12037436185832981,0.08130466464328619,0.18595661621344842,0.3034228245195201,0.18077380079695224,0.05160604913444685,0.02547205524835281,0.005858854860186418,0.027696404793608524,0.005858854860186418,0.0559254327563249,0.22569906790945407,0.22383488681757657,0.1548601864181092,0.3002663115845539,0.0,0.0,0.0,0.019165727170236752,0.03494926719278467,0.14656144306651633,0.1668545659526494,0.6324689966178129,118,9753,419,1796,576,1518,2592,1737,734,381,79,0,1,0,4,11,9,19,35,7,7292,2454,0,75,4,9746,79,0.019518062162416375,0.013987181199092001,0.03590850927703135,0.01812004530011325,0.018579943941934615,0.020154423942709183,0.018136446217136174,0.015298359699034994,0.0112488928255093,0.00015809770438130765,0.0,1.999360204734485e-05,0.0,4.895900906965643e-05,8.553189173217632e-05,9.397122392298536e-05,0.0003960065862148023,0.0010333628579864186,0.000717727878601456,0.7476673843945453,0.25161488772685325,0.0,0.9493670886075949,0.05063291139240506,0.9992822721213985,1.0,[0],2.25,499683,29956,50018,31788,81700,128609,95773,47976,33862,104493,913982,46695,110020,74311,169961,277323,165224,47167,23281,7510,44,208,44,420,1695,1681,1163,2255,887,387023,0,40392,25802,66437,108915,78105,39278,28094,0.20911858118046842,0.015029528721209247,0.0014688209373748165,0.004158502938941981,0.0013841701270919844,0.005140758873929009,0.013179481995816778,0.017551919643323276,0.024241287310321828,0.06659382198334417,0.0017751254295223172,0.7745370564938171,0.0,0.807549282258387,0.8116899458915314,0.8131823745410037,0.8468691926692533,0.8155221200129473,0.8187010171752543,0.8296615675388341,0.05108962758566361,0.12037436185832981,0.08130466464328619,0.18595661621344842,0.3034228245195201,0.18077380079695224,0.05160604913444685,0.02547205524835281,118,9753,419,1796,576,1518,2592,1737,734,381,79,0,1,0,4,11,9,19,35,7,7292,2454,0,75,4,9746,79,0.019518062162416375,0.013987181199092001,0.03590850927703135,0.01812004530011325,0.018579943941934615,0.020154423942709183,0.018136446217136174,0.015298359699034994,0.0112488928255093,0.00015809770438130765,0.0,1.999360204734485e-05,0.0,4.895900906965643e-05,8.553189173217632e-05,9.397122392298536e-05,0.0003960065862148023,0.0010333628579864186,0.000717727878601456,0.7476673843945453,0.25161488772685325,0.0,0.9493670886075949,0.05063291139240506,0.9992822721213985,1.0,[0]
